#	LAMMPS	data	file	written	by	OVITO	Basic	3.6.0
1098	atoms							
6	atom	types						
0.0	22.0	xlo	xhi					
0.0	22.0	ylo	yhi					
0.0	22.0	zlo	zhi					
								
Masses								
								
1	1.0079	#	H					
2	15.9994	#	O					
3	26.9815	#	Al					
4	28.0855	#	Si					
5	39.0983	#	K					
6	40.0780	#	Ca					
								
Atoms	#	charge						
								
1	5	0	7.606	9.888	5.492			
2	2	0	8.922	7.922	5.320			
3	1	0	9.804	8.187	5.680			
4	5	0	17.687	20.321	1.322			
5	2	0	19.346	22.007	1.490			
6	1	0	20.201	21.519	1.393			
7	5	0	5.099	20.174	16.802			
8	2	0	4.759	19.729	14.497			
9	1	0	5.479	19.093	14.262			
10	5	0	10.985	4.124	3.971			
11	2	0	10.089	6.078	4.974			
12	1	0	10.519	6.115	5.863			
13	5	0	20.805	5.122	6.407			
14	2	0	19.456	3.180	6.232			
15	1	0	19.743	2.759	5.384			
16	5	0	2.247	4.495	5.452			
17	2	0	4.338	4.886	6.500			
18	1	0	4.314	4.321	7.311			
19	5	0	0.248	18.149	14.910			
20	2	0	1.571	16.200	15.179			
21	1	0	1.001	15.468	14.835			
22	5	0	10.434	10.641	2.984			
23	2	0	10.543	12.944	3.539			
24	1	0	10.278	12.979	4.491			
25	5	0	9.300	6.437	10.023			
26	2	0	9.256	8.748	10.550			
27	1	0	8.698	9.150	9.840			
28	5	0	11.156	1.022	6.966			
29	2	0	9.222	1.254	8.319			
30	1	0	8.834	2.121	8.044			
31	5	0	16.530	7.886	15.271			
32	2	0	14.421	6.807	15.360			
33	1	0	14.514	6.036	14.746			
34	5	0	11.851	8.935	21.460			
35	2	0	13.858	8.658	20.227			
36	1	0	14.327	9.523	20.328			
37	5	0	0.192	10.734	16.017			
38	2	0	2.441	11.351	16.444			
39	1	0	2.932	10.493	16.459			
40	5	0	0.191	20.398	14.459			
41	2	0	1.923	21.986	14.141			
42	1	0	2.458	21.934	14.971			
43	5	0	17.835	4.910	2.585			
44	2	0	16.217	4.368	4.232			
45	1	0	16.068	3.397	4.119			
46	5	0	21.681	15.980	14.597			
47	2	0	20.484	13.989	15.071			
48	1	0	19.535	14.268	15.065			
49	5	0	6.910	8.659	3.805			
50	2	0	7.384	6.498	4.658			
51	1	0	7.631	5.969	3.859			
52	5	0	11.498	10.222	14.853			
53	2	0	11.560	10.165	12.483			
54	1	0	10.613	10.257	12.211			
55	5	0	18.814	10.340	8.775			
56	2	0	16.497	10.774	8.526			
57	1	0	16.062	9.912	8.741			
58	5	0	15.353	15.337	9.181			
59	2	0	13.320	16.557	9.161			
60	1	0	12.728	16.036	8.565			
61	5	0	20.571	5.293	0.000			
62	2	0	21.552	7.452	0.006			
63	1	0	22.001	7.514	0.885			
64	5	0	10.229	13.852	17.204			
65	2	0	9.927	11.642	18.009			
66	1	0	10.120	11.706	18.977			
67	5	0	14.928	8.840	17.104			
68	2	0	15.624	11.091	17.367			
69	1	0	14.867	11.624	17.017			
70	5	0	18.316	18.150	15.258			
71	2	0	18.402	19.579	13.367			
72	1	0	17.931	19.075	12.659			
73	5	0	14.373	8.516	8.933			
74	2	0	12.765	6.775	9.000			
75	1	0	12.425	6.721	8.072			
76	5	0	17.667	11.757	19.784			
77	2	0	18.770	10.155	21.140			
78	1	0	18.253	10.150	21.983			
79	5	0	2.437	22.002	10.260			
80	2	0	2.973	22.000	7.950			
81	1	0	2.716	21.097	7.641			
82	5	0	19.003	17.677	7.330			
83	2	0	21.098	18.598	7.949			
84	1	0	21.689	18.400	7.181			
85	5	0	7.061	17.450	11.708			
86	2	0	6.729	19.528	10.614			
87	1	0	5.793	19.768	10.825			
88	5	0	12.850	4.398	16.715			
89	2	0	15.205	4.461	16.442			
90	1	0	15.560	4.385	17.362			
91	5	0	11.049	9.963	17.137			
92	2	0	12.805	9.954	18.731			
93	1	0	13.473	10.582	18.361			
94	5	0	14.628	17.045	17.060			
95	2	0	13.637	19.111	16.447			
96	1	0	14.352	19.590	15.961			
97	5	0	8.719	20.771	12.937			
98	2	0	10.323	19.126	13.524			
99	1	0	11.051	19.249	12.866			
100	5	0	21.077	0.976	3.530			
101	2	0	21.745	3.028	4.513			
102	1	0	21.895	3.630	3.743			
103	5	0	4.356	3.521	11.585			
104	2	0	6.250	3.175	12.970			
105	1	0	6.419	4.060	13.378			
106	5	0	15.994	4.980	7.523			
107	2	0	17.067	5.863	5.602			
108	1	0	17.121	6.835	5.777			
109	4	0	11.158	5.358	1.335			
110	2	0	10.117	6.143	2.309			
111	2	0	10.340	4.289	0.421			
112	2	0	11.921	6.433	0.379			
113	2	0	12.258	4.562	2.232			
114	1	0	9.476	5.558	2.737			
115	1	0	10.889	3.556	0.106			
116	1	0	11.326	7.092	-0.006			
117	1	0	12.989	5.126	2.527			
118	4	0	12.572	19.219	0.947			
119	2	0	11.604	18.159	0.181			
120	2	0	14.034	19.229	0.233			
121	2	0	11.911	20.706	0.875			
122	2	0	12.742	18.783	2.506			
123	1	0	12.036	17.314	-0.009			
124	1	0	14.744	19.528	0.819			
125	1	0	11.572	20.931	-0.003			
126	1	0	12.008	19.077	3.066			
127	4	0	7.076	17.380	1.432			
128	2	0	7.415	16.392	2.681			
129	2	0	8.397	18.256	1.064			
130	2	0	6.626	16.490	0.145			
131	2	0	5.863	18.386	1.839			
132	1	0	7.898	16.830	3.396			
133	1	0	8.190	19.088	0.613			
134	1	0	7.195	15.721	-0.006			
135	1	0	4.987	17.987	1.737			
136	4	0	20.683	7.599	9.011			
137	2	0	21.828	8.016	10.090			
138	2	0	20.559	8.762	7.879			
139	2	0	21.088	6.186	8.311			
140	2	0	19.250	7.433	9.765			
141	1	0	21.769	8.939	10.374			
142	1	0	19.696	8.779	7.441			
143	1	0	22.018	6.143	8.047			
144	1	0	19.140	6.569	10.188			
145	4	0	4.881	1.884	7.345			
146	2	0	3.998	1.616	8.687			
147	2	0	6.029	2.991	7.667			
148	2	0	5.574	0.490	6.868			
149	2	0	3.920	2.440	6.155			
150	1	0	3.746	2.429	9.148			
151	1	0	6.336	3.462	6.879			
152	1	0	5.969	-0.010	7.597			
153	1	0	3.451	1.736	5.684			
154	4	0	4.356	12.033	20.172			
155	2	0	3.287	12.256	21.379			
156	2	0	5.402	13.280	20.141			
157	2	0	5.163	10.640	20.416			
158	2	0	3.573	11.956	18.748			
159	1	0	2.938	13.159	21.420			
160	1	0	5.811	13.413	19.273			
161	1	0	5.458	10.524	21.331			
162	1	0	3.207	11.079	18.561			
163	4	0	4.172	15.138	1.218			
164	2	0	5.004	15.889	2.398			
165	2	0	2.751	14.612	1.810			
166	2	0	3.909	16.180	-0.006			
167	2	0	5.024	13.867	0.665			
168	1	0	4.999	15.406	3.237			
169	1	0	2.380	13.869	1.312			
170	1	0	3.616	17.054	0.292			
171	1	0	5.695	14.113	0.011			
172	4	0	1.613	2.349	3.022			
173	2	0	3.082	2.998	2.760			
174	2	0	1.615	1.569	4.450			
175	2	0	0.495	3.533	3.040			
176	2	0	1.257	1.293	1.836			
177	1	0	3.810	2.392	2.959			
178	1	0	0.942	0.876	4.507			
179	1	0	0.764	4.306	3.556			
180	1	0	0.907	1.718	1.040			
181	4	0	5.733	21.108	7.931			
182	2	0	4.818	21.790	6.771			
183	2	0	7.133	21.925	8.065			
184	2	0	4.930	21.149	9.347			
185	2	0	6.053	19.560	7.541			
186	1	0	5.314	22.001	5.967			
187	1	0	7.851	21.395	8.440			
188	1	0	4.510	22.004	9.524			
189	1	0	5.335	18.953	7.775			
190	4	0	13.201	5.580	20.166			
191	2	0	13.046	6.506	21.495			
192	2	0	11.969	5.884	19.148			
193	2	0	14.618	5.915	19.436			
194	2	0	13.173	4.007	20.584			
195	1	0	12.144	6.524	21.846			
196	1	0	11.783	5.152	18.543			
197	1	0	14.798	6.864	19.370			
198	1	0	14.031	3.679	20.891			
199	4	0	9.003	2.924	16.607			
200	2	0	9.313	1.341	16.824			
201	2	0	10.394	3.763	16.695			
202	2	0	8.315	3.145	15.148			
203	2	0	7.987	3.451	17.764			
204	1	0	9.917	1.166	17.560			
205	1	0	10.266	4.691	16.942			
206	1	0	8.754	2.652	14.439			
207	1	0	7.057	3.261	17.570			
208	4	0	20.711	19.839	11.260			
209	2	0	21.077	20.093	9.695			
210	2	0	21.885	20.466	12.197			
211	2	0	19.289	20.552	11.605			
212	2	0	20.594	18.242	11.547			
213	1	0	22.000	19.895	9.480			
214	1	0	21.937	20.053	13.071			
215	1	0	19.212	21.448	11.245			
216	1	0	19.731	17.874	11.305			
217	4	0	4.205	8.880	14.244			
218	2	0	3.088	8.150	15.176			
219	2	0	5.063	7.752	13.446			
220	2	0	3.462	9.865	13.181			
221	2	0	5.211	9.758	15.175			
222	1	0	3.436	7.393	15.669			
223	1	0	5.942	8.058	13.179			
224	1	0	2.692	9.459	12.758			
225	1	0	4.856	10.630	15.402			
226	4	0	19.956	3.700	1.550			
227	2	0	18.530	3.859	0.782			
228	2	0	20.389	5.133	2.186			
229	2	0	19.813	2.590	2.733			
230	2	0	21.098	3.216	0.496			
231	1	0	18.480	4.650	0.226			
232	1	0	21.344	5.218	2.324			
233	1	0	19.006	2.694	3.259			
234	1	0	21.095	2.259	0.344			
235	4	0	3.089	16.602	20.700			
236	2	0	1.851	16.946	19.700			
237	2	0	3.409	17.899	21.629			
238	2	0	2.689	15.334	21.639			
239	2	0	4.413	16.228	19.829			
240	1	0	1.929	17.814	19.279			
241	1	0	4.317	17.914	21.964			
242	1	0	1.795	15.396	22.005			
243	1	0	4.423	15.307	19.529			
244	4	0	3.105	18.059	16.888			
245	2	0	4.326	17.242	16.187			
246	2	0	1.890	17.030	17.224			
247	2	0	3.638	18.753	18.261			
248	2	0	2.563	19.215	15.879			
249	1	0	4.030	16.628	15.498			
250	1	0	1.028	17.465	17.290			
251	1	0	4.179	18.161	18.804			
252	1	0	3.096	20.023	15.905			
253	4	0	4.841	13.080	13.964			
254	2	0	6.225	12.521	14.613			
255	2	0	3.719	11.901	13.989			
256	2	0	4.318	14.360	14.825			
257	2	0	5.100	13.539	12.424			
258	1	0	6.468	11.639	14.297			
259	1	0	3.029	12.017	13.321			
260	1	0	4.365	14.222	15.782			
261	1	0	5.473	14.430	12.350			
262	4	0	10.521	15.989	9.574			
263	2	0	10.518	15.061	8.237			
264	2	0	9.137	15.752	10.398			
265	2	0	11.795	15.589	10.506			
266	2	0	10.633	17.558	9.157			
267	1	0	9.678	15.086	7.755			
268	1	0	8.901	16.497	10.969			
269	1	0	11.916	14.633	10.598			
270	1	0	11.542	17.841	8.980			
271	4	0	7.797	12.790	2.496			
272	2	0	8.784	13.934	1.890			
273	2	0	8.623	11.872	3.557			
274	2	0	6.538	13.502	3.243			
275	2	0	7.243	11.846	1.291			
276	1	0	9.654	13.594	1.635			
277	1	0	8.245	10.988	3.672			
278	1	0	6.799	14.244	3.809			
279	1	0	6.484	12.229	0.827			
280	4	0	5.660	0.954	15.424			
281	2	0	5.836	2.510	15.871			
282	2	0	6.234	0.758	13.914			
283	2	0	6.480	-0.001	16.456			
284	2	0	4.084	0.548	15.453			
285	1	0	5.569	3.138	15.185			
286	1	0	5.847	-0.001	13.454			
287	1	0	7.366	0.330	16.661			
288	1	0	3.768	0.311	16.338			
289	4	0	16.325	3.404	12.651			
290	2	0	16.076	4.565	13.764			
291	2	0	16.707	2.011	13.401			
292	2	0	14.973	3.203	11.766			
293	2	0	17.550	3.835	11.669			
294	1	0	16.748	4.579	14.460			
295	1	0	17.212	1.402	12.842			
296	1	0	14.167	3.174	12.301			
297	1	0	17.275	4.432	10.958			
298	4	0	12.631	9.765	1.468			
299	2	0	12.600	10.864	2.669			
300	2	0	14.155	9.612	0.917			
301	2	0	12.100	8.333	2.031			
302	2	0	11.669	10.253	0.250			
303	1	0	13.107	11.664	2.469			
304	1	0	14.201	9.284	0.007			
305	1	0	12.476	8.097	2.892			
306	1	0	10.735	10.041	0.394			
307	4	0	21.026	1.044	7.248			
308	2	0	21.422	2.527	7.790			
309	2	0	22.004	0.643	6.010			
310	2	0	21.192	-0.035	8.456			
311	2	0	19.482	1.039	6.733			
312	1	0	21.562	3.170	7.079			
313	1	0	21.618	-0.018	5.417			
314	1	0	22.012	0.077	8.958			
315	1	0	18.842	0.928	7.451			
316	4	0	20.531	16.810	19.492			
317	2	0	21.261	15.645	18.621			
318	2	0	18.943	16.832	19.139			
319	2	0	20.741	16.509	21.079			
320	2	0	21.179	18.258	19.130			
321	1	0	20.990	15.635	17.691			
322	1	0	18.524	17.688	19.314			
323	1	0	20.590	15.583	21.316			
324	1	0	22.001	18.438	19.611			
325	4	0	4.377	13.676	7.304			
326	2	0	3.618	12.577	6.374			
327	2	0	5.532	12.937	8.179			
328	2	0	5.046	14.817	6.356			
329	2	0	3.308	14.376	8.312			
330	1	0	3.395	11.762	6.847			
331	1	0	5.763	13.415	8.989			
332	1	0	5.511	14.453	5.588			
333	1	0	2.810	15.097	7.899			
334	4	0	8.488	7.229	12.879			
335	2	0	9.102	5.721	12.858			
336	2	0	7.402	7.386	11.678			
337	2	0	7.769	7.500	14.314			
338	2	0	9.683	8.313	12.664			
339	1	0	9.340	5.417	11.970			
340	1	0	7.275	8.303	11.394			
341	1	0	7.214	6.764	14.609			
342	1	0	10.163	8.517	13.480			
343	4	0	9.482	11.962	7.004			
344	2	0	8.221	12.970	7.212			
345	2	0	9.351	11.226	5.559			
346	2	0	10.869	12.812	7.068			
347	2	0	9.487	10.836	8.179			
348	1	0	7.372	12.578	6.964			
349	1	0	9.822	10.381	5.517			
350	1	0	10.838	13.634	6.559			
351	1	0	9.895	11.147	9.002			
352	4	0	20.516	18.516	1.456			
353	2	0	19.304	18.467	2.541			
354	2	0	20.700	17.044	0.786			
355	2	0	20.165	19.609	0.302			
356	2	0	21.902	18.943	2.195			
357	1	0	19.339	17.692	3.120			
358	1	0	21.588	16.894	0.431			
359	1	0	19.253	19.549	-0.017			
360	1	0	21.992	19.900	2.312			
361	4	0	18.819	12.718	8.969			
362	2	0	20.409	12.508	8.691			
363	2	0	18.386	11.874	10.291			
364	2	0	18.515	14.301	9.199			
365	2	0	17.961	12.188	7.692			
366	1	0	20.693	11.585	8.769			
367	1	0	17.445	11.648	10.309			
368	1	0	19.155	14.732	9.785			
369	1	0	17.903	12.838	6.976			
370	4	0	4.063	16.897	12.966			
371	2	0	5.644	16.702	13.296			
372	2	0	3.450	18.056	13.929			
373	2	0	3.885	17.324	11.405			
374	2	0	3.267	15.503	13.235			
375	1	0	5.837	16.670	14.244			
376	1	0	2.493	17.979	14.060			
377	1	0	4.510	18.006	11.121			
378	1	0	3.326	14.882	12.494			
379	4	0	1.353	11.020	9.069			
380	2	0	2.582	10.235	8.348			
381	2	0	1.697	12.609	9.143			
382	2	0	-0.012	10.790	8.211			
383	2	0	1.141	10.447	10.578			
384	1	0	3.453	10.509	8.671			
385	1	0	1.223	13.069	9.851			
386	1	0	0.114	10.892	7.257			
387	1	0	0.615	9.635	10.606			
388	4	0	2.022	16.212	4.285			
389	2	0	2.409	17.168	3.026			
390	2	0	3.352	15.424	4.794			
391	2	0	1.424	17.126	5.493			
392	2	0	0.899	15.126	3.828			
393	1	0	2.971	16.729	2.370			
394	1	0	3.153	14.601	5.262			
395	1	0	1.939	17.929	5.656			
396	1	0	-0.002	15.481	3.843			
397	4	0	7.294	6.809	1.564			
398	2	0	7.716	5.240	1.459			
399	2	0	6.796	7.333	0.107			
400	2	0	6.093	6.974	2.652			
401	2	0	8.575	7.693	2.041			
402	1	0	8.257	5.040	0.681			
403	1	0	6.882	8.291	-0.005			
404	1	0	5.398	6.307	2.558			
405	1	0	8.708	7.683	3.000			
406	4	0	20.766	12.071	20.980			
407	2	0	20.290	11.600	19.496			
408	2	0	21.383	13.574	20.896			
409	2	0	19.488	12.053	21.989			
410	2	0	21.907	11.055	21.541			
411	1	0	20.937	11.801	18.805			
412	1	0	22.000	13.775	21.615			
413	1	0	18.692	12.448	21.604			
414	1	0	21.539	10.250	21.935			
415	4	0	6.535	16.184	9.132			
416	2	0	5.038	16.777	9.374			
417	2	0	6.659	15.642	7.603			
418	2	0	7.631	17.360	9.393			
419	2	0	6.813	14.953	10.160			
420	1	0	4.339	16.208	9.023			
421	1	0	7.346	14.969	7.491			
422	1	0	7.390	18.205	8.987			
423	1	0	7.092	15.248	11.040			
424	4	0	8.428	20.794	15.650			
425	2	0	9.615	21.520	14.805			
426	2	0	7.984	21.751	16.889			
427	2	0	7.154	20.527	14.672			
428	2	0	8.961	19.372	16.237			
429	1	0	10.303	21.907	15.365			
430	1	0	7.577	21.265	17.620			
431	1	0	6.934	21.287	14.114			
432	1	0	8.916	18.652	15.591			
433	4	0	18.356	7.167	18.411			
434	2	0	17.895	5.713	17.843			
435	2	0	18.721	7.038	19.992			
436	2	0	19.659	7.684	17.583			
437	2	0	17.144	8.239	18.229			
438	1	0	17.278	5.251	18.429			
439	1	0	18.643	7.875	20.472			
440	1	0	20.329	6.996	17.456			
441	1	0	17.104	8.620	17.339			
442	4	0	14.860	3.492	1.271			
443	2	0	14.092	2.496	2.305			
444	2	0	15.877	2.625	0.342			
445	2	0	13.764	4.248	0.335			
446	2	0	15.711	4.601	2.104			
447	1	0	14.681	1.856	2.729			
448	1	0	16.607	3.150	-0.017			
449	1	0	13.079	3.656	-0.007			
450	1	0	15.173	5.351	2.399			
451	4	0	21.111	15.281	2.847			
452	2	0	21.902	14.447	4.000			
453	2	0	19.555	15.464	3.285			
454	2	0	21.808	16.740	2.661			
455	2	0	21.178	14.471	1.437			
456	1	0	21.413	13.674	4.317			
457	1	0	18.960	15.606	2.534			
458	1	0	22.010	17.178	3.501			
459	1	0	22.003	14.619	0.952			
460	4	0	18.243	9.754	5.827			
461	2	0	19.026	8.471	5.203			
462	2	0	17.081	10.232	4.793			
463	2	0	17.578	9.341	7.254			
464	2	0	19.290	10.980	6.057			
465	1	0	19.248	8.575	4.267			
466	1	0	16.833	11.162	4.899			
467	1	0	17.129	8.484	7.233			
468	1	0	19.788	10.904	6.884			
469	4	0	16.840	17.108	9.349			
470	2	0	17.033	16.801	7.762			
471	2	0	17.246	15.787	10.208			
472	2	0	17.790	18.359	9.776			
473	2	0	15.286	17.487	9.652			
474	1	0	16.677	15.941	7.493			
475	1	0	16.826	15.754	11.080			
476	1	0	18.687	18.299	9.416			
477	1	0	15.077	18.414	9.465			
478	4	0	4.797	7.646	6.572			
479	2	0	3.678	7.066	5.542			
480	2	0	6.168	7.965	5.756			
481	2	0	4.238	9.007	7.268			
482	2	0	5.107	6.542	7.727			
483	1	0	4.027	6.398	4.934			
484	1	0	6.958	7.954	6.316			
485	1	0	3.820	9.614	6.639			
486	1	0	4.462	6.554	8.449			
487	4	0	11.253	16.024	3.210			
488	2	0	12.507	16.282	4.214			
489	2	0	11.167	17.239	2.130			
490	2	0	11.463	14.609	2.433			
491	2	0	9.867	15.968	4.062			
492	1	0	12.561	17.194	4.533			
493	1	0	10.281	17.358	1.759			
494	1	0	12.364	14.486	2.099			
495	1	0	9.701	15.101	4.462			
496	4	0	9.195	15.506	13.725			
497	2	0	9.864	14.951	15.101			
498	2	0	9.451	17.109	13.608			
499	2	0	9.867	14.745	12.452			
500	2	0	7.593	15.221	13.736			
501	1	0	9.679	15.511	15.870			
502	1	0	8.803	17.560	13.049			
503	1	0	10.831	14.679	12.511			
504	1	0	7.365	14.320	13.462			
505	4	0	20.926	11.711	14.802			
506	2	0	22.005	12.308	13.740			
507	2	0	19.429	12.181	14.372			
508	2	0	21.015	10.085	14.807			
509	2	0	21.254	12.270	16.295			
510	1	0	21.853	13.239	13.522			
511	1	0	18.804	12.191	15.111			
512	1	0	21.060	9.702	13.918			
513	1	0	21.948	11.768	16.746			
514	4	0	1.125	18.756	8.326			
515	2	0	0.000	17.899	9.133			
516	2	0	2.418	17.811	8.038			
517	2	0	0.498	19.281	6.919			
518	2	0	1.587	20.036	9.219			
519	1	0	0.366	17.374	9.859			
520	1	0	3.236	18.312	7.908			
521	1	0	-0.001	18.600	6.445			
522	1	0	0.984	20.790	9.143			
523	4	0	2.205	4.799	17.210			
524	2	0	3.205	3.947	16.249			
525	2	0	3.034	6.010	17.913			
526	2	0	0.986	5.407	16.318			
527	2	0	1.592	3.829	18.365			
528	1	0	4.058	3.750	16.662			
529	1	0	2.635	6.315	18.741			
530	1	0	1.281	5.800	15.484			
531	1	0	0.831	3.311	18.063			
532	4	0	15.446	12.833	10.659			
533	2	0	16.506	13.518	9.631			
534	2	0	15.191	11.287	10.220			
535	2	0	16.047	12.888	12.171			
536	2	0	14.034	13.641	10.614			
537	1	0	16.320	13.322	8.701			
538	1	0	14.341	10.938	10.526			
539	1	0	16.980	12.633	12.221			
540	1	0	14.031	14.435	11.169			
541	4	0	11.417	7.099	15.351			
542	2	0	10.521	8.423	15.658			
543	2	0	10.469	5.942	14.710			
544	2	0	12.606	7.481	14.306			
545	2	0	12.075	6.546	16.733			
546	1	0	9.676	8.223	16.085			
547	1	0	10.815	5.048	14.842			
548	1	0	12.303	8.024	13.564			
549	1	0	12.885	7.014	16.983			
550	4	0	9.137	5.185	7.846			
551	2	0	10.629	5.498	8.415			
552	2	0	8.154	4.810	9.087			
553	2	0	8.569	6.497	7.067			
554	2	0	9.194	3.930	6.811			
555	1	0	10.932	4.854	9.072			
556	1	0	7.393	4.273	8.822			
557	1	0	8.724	7.324	7.548			
558	1	0	9.462	4.187	5.916			
559	4	0	12.843	2.830	9.599			
560	2	0	13.684	3.057	8.224			
561	2	0	12.632	4.260	10.346			
562	2	0	11.396	2.172	9.244			
563	2	0	13.661	1.827	10.586			
564	1	0	14.447	3.643	8.334			
565	1	0	12.484	4.175	11.299			
566	1	0	10.958	2.595	8.491			
567	1	0	13.529	0.891	10.371			
568	4	0	16.100	14.813	16.488			
569	2	0	16.574	16.035	17.453			
570	2	0	17.127	14.686	15.233			
571	2	0	16.092	13.424	17.339			
572	2	0	14.601	15.105	15.925			
573	1	0	16.816	16.836	16.966			
574	1	0	16.733	14.262	14.457			
575	1	0	16.880	13.308	17.889			
576	1	0	13.904	14.857	16.551			
577	4	0	12.559	17.720	14.559			
578	2	0	12.100	19.260	14.814			
579	2	0	14.121	17.546	14.979			
580	2	0	11.632	16.724	15.454			
581	2	0	12.384	17.345	12.985			
582	1	0	12.743	19.909	14.495			
583	1	0	14.557	16.806	14.532			
584	1	0	11.507	17.032	16.363			
585	1	0	11.477	17.095	12.752			
586	4	0	9.390	12.070	13.881			
587	2	0	10.907	12.650	13.981			
588	2	0	9.374	10.515	14.362			
589	2	0	8.409	12.954	14.834			
590	2	0	8.865	12.159	12.343			
591	1	0	11.573	12.045	13.624			
592	1	0	8.633	10.010	13.997			
593	1	0	8.785	13.133	15.708			
594	1	0	8.526	13.035	12.107			
595	4	0	10.106	20.004	5.933			
596	2	0	9.924	18.512	5.310			
597	2	0	10.497	21.043	4.743			
598	2	0	8.715	20.469	6.639			
599	2	0	11.295	19.995	7.046			
600	1	0	10.626	18.268	4.689			
601	1	0	10.967	21.827	5.059			
602	1	0	7.931	20.278	6.103			
603	1	0	11.000	19.687	7.915			
604	4	0	8.478	20.708	2.708			
605	2	0	9.151	21.086	1.275			
606	2	0	8.471	22.024	3.665			
607	2	0	6.953	20.190	2.469			
608	2	0	9.338	19.529	3.428			
609	1	0	9.963	21.606	1.359			
610	1	0	8.440	21.810	4.609			
611	1	0	6.455	20.741	1.848			
612	1	0	9.111	18.643	3.108			
613	4	0	14.834	6.828	11.683			
614	2	0	15.987	6.704	10.541			
615	2	0	14.586	5.370	12.360			
616	2	0	15.312	7.892	12.820			
617	2	0	13.446	7.349	11.011			
618	1	0	15.874	5.935	9.964			
619	1	0	13.707	5.277	12.756			
620	1	0	16.232	7.770	13.095			
621	1	0	13.415	8.311	10.900			
622	4	0	10.018	1.287	2.453			
623	2	0	9.505	0.161	1.395			
624	2	0	8.898	2.461	2.576			
625	2	0	10.256	0.594	3.907			
626	2	0	11.417	1.935	1.932			
627	1	0	9.133	0.538	0.585			
628	1	0	9.263	3.307	2.873			
629	1	0	9.539	-0.002	4.168			
630	1	0	12.192	1.399	2.156			
631	4	0	13.433	11.867	6.295			
632	2	0	13.680	13.096	7.332			
633	2	0	12.129	12.188	5.377			
634	2	0	14.745	11.688	5.347			
635	2	0	13.178	10.489	7.123			
636	1	0	12.869	13.401	7.765			
637	1	0	11.709	11.394	5.017			
638	1	0	15.089	12.526	5.007			
639	1	0	13.997	10.060	7.409			
640	4	0	15.650	16.510	2.732			
641	2	0	15.526	16.720	4.341			
642	2	0	14.347	17.154	2.001			
643	2	0	17.003	17.240	2.194			
644	2	0	15.726	14.921	2.387			
645	1	0	14.646	16.511	4.687			
646	1	0	14.163	16.765	1.134			
647	1	0	17.131	18.126	2.563			
648	1	0	16.616	14.552	2.486			
649	4	0	9.634	21.058	10.860			
650	2	0	10.504	21.145	9.487			
651	2	0	8.153	21.682	10.600			
652	2	0	9.506	19.502	11.321			
653	2	0	10.373	21.907	12.036			
654	1	0	10.430	22.001	9.040			
655	1	0	7.726	22.000	11.408			
656	1	0	9.291	18.903	10.591			
657	1	0	11.080	21.413	12.475			
658	4	0	19.744	1.781	11.851			
659	2	0	19.663	3.368	12.199			
660	2	0	19.373	0.917	13.179			
661	2	0	18.695	1.435	10.655			
662	2	0	21.251	1.399	11.369			
663	1	0	20.086	3.599	13.039			
664	1	0	19.743	0.022	13.169			
665	1	0	17.826	1.843	10.779			
666	1	0	21.413	1.593	10.434			
667	4	0	7.564	16.419	18.883			
668	2	0	8.145	17.514	19.938			
669	2	0	6.166	16.964	18.254			
670	2	0	8.651	16.184	17.694			
671	2	0	7.292	15.008	19.648			
672	1	0	7.469	17.865	20.536			
673	1	0	5.592	16.256	17.926			
674	1	0	9.029	17.007	17.354			
675	1	0	8.090	14.466	19.743			
676	4	0	1.381	9.392	19.215			
677	2	0	2.111	9.783	20.616			
678	2	0	2.378	8.460	18.328			
679	2	0	0.003	8.583	19.530			
680	2	0	1.029	10.744	18.379			
681	1	0	3.031	10.061	20.504			
682	1	0	2.190	8.494	17.379			
683	1	0	0.107	7.902	20.211			
684	1	0	0.207	11.167	18.668			
685	4	0	18.573	11.862	1.395			
686	2	0	19.825	11.914	0.356			
687	2	0	18.658	10.497	2.276			
688	2	0	18.632	13.159	2.377			
689	2	0	17.171	11.879	0.568			
690	1	0	19.980	11.074	-0.099			
691	1	0	17.802	10.216	2.629			
692	1	0	19.519	13.338	2.722			
693	1	0	16.894	12.769	0.306			
694	4	0	16.375	20.999	6.710			
695	2	0	16.607	21.840	8.084			
696	2	0	15.093	21.609	5.914			
697	2	0	17.707	21.107	5.779			
698	2	0	16.092	19.436	7.061			
699	1	0	15.789	22.006	8.574			
700	1	0	14.676	20.972	5.316			
701	1	0	18.063	22.005	5.724			
702	1	0	16.902	18.927	7.215			
703	4	0	6.133	1.258	2.231			
704	2	0	6.491	0.735	0.732			
705	2	0	5.817	2.853	2.185			
706	2	0	4.833	0.452	2.788			
707	2	0	7.395	0.991	3.224			
708	1	0	7.102	1.319	0.259			
709	1	0	5.958	3.296	3.035			
710	1	0	4.121	0.376	2.136			
711	1	0	7.425	0.086	3.567			
712	4	0	1.434	2.201	10.639			
713	2	0	0.400	2.346	9.390			
714	2	0	2.514	1.028	10.311			
715	2	0	2.206	3.616	10.869			
716	2	0	0.615	1.811	11.990			
717	1	0	0.079	1.495	9.058			
718	1	0	2.906	0.638	11.106			
719	1	0	2.519	4.019	10.046			
720	1	0	0.220	2.578	12.431			
721	4	0	7.733	6.758	17.442			
722	2	0	9.260	6.905	17.986			
723	2	0	7.401	7.986	16.427			
724	2	0	7.570	5.338	16.664			
725	2	0	6.695	6.805	18.695			
726	1	0	9.485	7.807	18.255			
727	1	0	6.454	8.180	16.358			
728	1	0	8.303	5.146	16.060			
729	1	0	6.599	5.951	19.142			
730	4	0	2.668	8.452	3.007			
731	2	0	1.305	8.992	2.301			
732	2	0	3.950	9.222	2.365			
733	2	0	2.598	8.737	4.609			
734	2	0	2.824	6.852	2.754			
735	1	0	1.373	9.060	1.338			
736	1	0	4.776	8.724	2.448			
737	1	0	2.278	9.625	4.825			
738	1	0	2.311	6.316	3.377			
739	4	0	11.810	2.284	13.715			
740	2	0	13.084	3.150	14.240			
741	2	0	11.024	3.124	12.564			
742	2	0	12.334	0.868	13.105			
743	2	0	10.794	1.992	14.952			
744	1	0	12.873	4.081	14.404			
745	1	0	10.095	2.867	12.471			
746	1	0	13.107	0.962	12.529			
747	1	0	11.062	1.236	15.495			
748	4	0	14.255	6.371	5.960			
749	2	0	12.671	6.549	5.630			
750	2	0	14.543	6.839	7.492			
751	2	0	14.675	4.809	5.771			
752	2	0	15.136	7.289	4.945			
753	1	0	12.309	7.393	5.936			
754	1	0	15.461	7.111	7.642			
755	1	0	14.042	4.192	6.167			
756	1	0	15.286	6.870	4.085			
757	3	0	15.282	11.493	14.264			
758	2	0	14.657	10.172	15.375			
759	2	0	14.924	13.135	15.001			
760	2	0	17.094	11.301	14.052			
761	1	0	13.720	10.432	15.567			
762	1	0	13.959	13.105	15.219			
763	1	0	17.223	10.328	13.922			
764	3	0	19.262	6.290	5.361			
765	2	0	18.854	5.860	7.097			
766	2	0	20.949	7.009	5.287			
767	2	0	19.197	4.776	4.328			
768	1	0	19.062	6.680	7.613			
769	1	0	20.946	7.722	5.973			
770	1	0	18.378	4.308	4.630			
771	3	0	7.233	18.004	6.529			
772	2	0	7.762	18.486	4.838			
773	2	0	5.595	17.182	6.448			
774	2	0	8.464	16.848	7.244			
775	1	0	6.985	18.972	4.464			
776	1	0	5.030	17.803	5.925			
777	1	0	9.340	17.242	7.003			
778	3	0	18.119	4.275	20.609			
779	2	0	16.525	5.178	20.494			
780	2	0	19.107	4.949	22.000			
781	2	0	17.790	2.494	20.898			
782	1	0	16.780	6.135	20.498			
783	1	0	19.117	5.927	21.849			
784	1	0	17.047	2.279	20.280			
785	3	0	10.127	1.840	19.969			
786	2	0	11.730	1.088	20.453			
787	2	0	8.756	0.956	20.809			
788	2	0	10.110	3.606	20.463			
789	1	0	11.605	0.117	20.303			
790	1	0	8.918	0.000	20.613			
791	1	0	11.006	3.941	20.207			
792	3	0	18.560	14.721	18.019			
793	2	0	19.007	13.217	17.068			
794	2	0	19.502	14.754	19.594			
795	2	0	18.972	16.210	17.030			
796	1	0	18.908	12.474	17.716			
797	1	0	19.344	13.864	19.997			
798	1	0	18.660	15.991	16.116			
799	3	0	7.208	1.442	5.743			
800	2	0	8.144	2.763	4.879			
801	2	0	5.764	0.947	4.724			
802	2	0	8.301	-0.009	6.000			
803	1	0	7.459	3.436	4.637			
804	1	0	5.308	1.798	4.508			
805	1	0	9.160	0.381	6.301			
806	3	0	3.047	7.401	0.622			
807	2	0	3.994	5.958	0.000			
808	2	0	3.816	8.950	0.009			
809	2	0	1.317	7.298	0.022			
810	1	0	4.937	6.162	0.226			
811	1	0	4.773	8.864	0.245			
812	1	0	1.070	6.348	0.148			
813	3	0	18.749	7.920	1.290			
814	2	0	17.611	9.222	0.675			
815	2	0	20.349	8.678	1.770			
816	2	0	18.000	7.097	2.749			
817	1	0	18.142	9.719	0.002			
818	1	0	20.614	9.219	0.985			
819	1	0	17.052	6.964	2.495			
820	3	0	2.772	6.183	13.912			
821	2	0	1.791	4.656	13.634			
822	2	0	4.535	5.742	14.165			
823	2	0	2.620	7.278	12.448			
824	1	0	2.046	4.057	14.380			
825	1	0	4.519	5.044	14.867			
826	1	0	1.658	7.244	12.215			
827	3	0	2.985	20.067	4.376			
828	2	0	3.906	18.611	3.744			
829	2	0	3.733	21.603	3.708			
830	2	0	1.233	19.958	3.840			
831	1	0	4.856	18.817	3.932			
832	1	0	4.698	21.519	3.911			
833	1	0	0.990	19.010	3.991			
834	3	0	1.745	5.494	20.578			
835	2	0	0.864	4.740	22.000			
836	2	0	0.533	5.955	19.280			
837	2	0	2.637	6.995	21.142			
838	1	0	0.289	4.043	21.595			
839	1	0	-0.001	5.135	19.135			
840	1	0	3.050	6.726	22.001			
841	3	0	5.550	1.925	19.517			
842	2	0	6.688	3.331	19.830			
843	2	0	4.150	2.489	18.474			
844	2	0	6.459	0.589	18.649			
845	1	0	6.099	4.061	20.150			
846	1	0	3.805	3.295	18.934			
847	1	0	7.327	0.536	19.123			
848	3	0	2.846	11.713	4.427			
849	2	0	2.356	10.833	2.892			
850	2	0	1.538	11.504	5.697			
851	2	0	4.422	11.013	5.052			
852	1	0	1.436	11.150	2.707			
853	1	0	0.701	11.765	5.238			
854	1	0	4.982	10.909	4.242			
855	3	0	2.121	13.494	16.827			
856	2	0	0.406	13.459	17.480			
857	2	0	2.085	13.330	15.000			
858	2	0	2.913	15.084	17.282			
859	1	0	-0.002	12.657	17.066			
860	1	0	1.521	12.534	14.832			
861	1	0	2.652	15.226	18.227			
862	3	0	20.147	10.068	17.585			
863	2	0	19.413	9.460	19.154			
864	2	0	21.412	8.876	16.997			
865	2	0	18.828	10.233	16.321			
866	1	0	20.193	9.247	19.727			
867	1	0	22.000	8.730	17.779			
868	1	0	18.074	10.653	16.807			
869	3	0	22.023	14.942	10.247			
870	2	0	21.414	15.896	11.692			
871	2	0	21.564	13.176	10.439			
872	2	0	21.263	15.608	8.716			
873	1	0	21.735	15.386	12.479			
874	1	0	21.880	12.933	11.344			
875	1	0	21.317	16.591	8.823			
876	3	0	5.488	11.610	11.405			
877	2	0	5.852	10.116	12.407			
878	2	0	6.760	11.797	10.097			
879	2	0	3.834	11.434	10.629			
880	1	0	6.805	10.211	12.658			
881	1	0	7.623	11.738	10.578			
882	1	0	3.263	11.069	11.351			
883	3	0	15.054	10.083	3.870			
884	2	0	15.158	8.697	2.671			
885	2	0	15.245	11.678	2.984			
886	2	0	13.422	10.041	4.707			
887	1	0	15.984	8.877	2.155			
888	1	0	16.069	11.567	2.446			
889	1	0	13.279	9.083	4.916			
890	3	0	14.354	14.517	5.586			
891	2	0	13.587	14.381	3.924			
892	2	0	16.140	14.897	5.409			
893	2	0	13.533	15.862	6.525			
894	1	0	14.176	13.758	3.428			
895	1	0	16.479	14.216	4.776			
896	1	0	12.568	15.735	6.343			
897	3	0	13.918	19.768	6.997			
898	2	0	14.419	18.048	7.398			
899	2	0	12.848	19.763	5.506			
900	2	0	12.992	20.477	8.412			
901	1	0	14.765	17.684	6.545			
902	1	0	13.355	19.240	4.837			
903	1	0	13.509	20.198	9.208			
904	3	0	6.483	8.376	8.433			
905	2	0	5.658	9.223	9.837			
906	2	0	7.840	9.432	7.791			
907	2	0	7.173	6.777	9.008			
908	1	0	5.456	10.130	9.496			
909	1	0	7.420	10.315	7.642			
910	1	0	6.459	6.392	9.575			
911	3	0	13.733	19.856	11.410			
912	2	0	14.292	19.287	13.063			
913	2	0	12.420	18.735	10.787			
914	2	0	13.068	21.560	11.547			
915	1	0	14.485	18.323	12.942			
916	1	0	12.802	17.827	10.880			
917	1	0	13.715	22.029	12.131			
918	3	0	5.398	5.428	11.243			
919	2	0	4.991	4.749	9.587			
920	2	0	7.187	5.199	11.577			
921	2	0	4.993	7.216	11.282			
922	1	0	5.378	3.837	9.590			
923	1	0	7.354	4.240	11.395			
924	1	0	4.112	7.278	10.833			
925	3	0	6.565	8.981	18.403			
926	2	0	7.139	9.066	20.145			
927	2	0	4.865	9.661	18.283			
928	2	0	7.693	9.966	17.344			
929	1	0	6.406	8.653	20.668			
930	1	0	4.355	9.181	18.983			
931	1	0	8.599	9.731	17.665			
932	3	0	2.256	20.419	11.777			
933	2	0	2.182	18.596	11.972			
934	2	0	0.738	21.174	12.476			
935	2	0	3.726	21.066	12.665			
936	1	0	1.295	18.343	11.610			
937	1	0	-0.006	20.675	12.056			
938	1	0	4.449	20.430	12.436			
939	3	0	16.802	15.712	0.625			
940	2	0	18.103	14.580	-0.004			
941	2	0	17.106	17.408	-0.004			
942	2	0	15.160	15.131	0.048			
943	1	0	18.955	15.038	0.209			
944	1	0	18.053	17.590	0.219			
945	1	0	15.186	14.150	0.182			
946	3	0	14.051	21.380	2.290			
947	2	0	13.871	22.000	0.572			
948	2	0	15.637	21.976	2.995			
949	2	0	12.658	22.000	3.309			
950	1	0	14.726	21.762	0.131			
951	1	0	16.318	21.730	2.320			
952	1	0	11.861	21.883	2.733			
953	3	0	20.443	19.884	21.352			
954	2	0	22.004	19.173	22.004			
955	2	0	19.018	18.911	21.974			
956	2	0	20.287	21.624	21.915			
957	1	0	21.942	18.206	21.798			
958	1	0	19.245	17.972	21.761			
959	1	0	21.192	22.004	21.788			
960	3	0	16.151	20.723	16.528			
961	2	0	15.857	19.206	17.519			
962	2	0	17.125	21.923	17.516			
963	2	0	17.081	20.285	15.008			
964	1	0	15.500	19.538	18.381			
965	1	0	16.637	21.995	18.374			
966	1	0	16.643	19.458	14.683			
967	3	0	18.611	15.241	13.323			
968	2	0	19.983	16.459	13.264			
969	2	0	17.004	16.126	13.314			
970	2	0	18.711	14.142	11.857			
971	1	0	19.773	17.105	13.985			
972	1	0	17.084	16.796	14.038			
973	1	0	19.674	13.924	11.780			
974	3	0	20.142	8.519	11.794			
975	2	0	19.051	7.137	12.311			
976	2	0	19.477	10.101	12.444			
977	2	0	21.829	8.245	12.460			
978	1	0	18.140	7.430	12.055			
979	1	0	18.528	10.106	12.165			
980	1	0	22.001	7.283	12.302			
981	3	0	10.938	9.087	9.173			
982	2	0	12.154	10.372	9.663			
983	2	0	11.219	8.611	7.424			
984	2	0	11.144	7.615	10.248			
985	1	0	12.092	11.057	8.950			
986	1	0	11.238	9.469	6.932			
987	1	0	11.253	7.990	11.158			
988	3	0	4.290	2.657	0.614			
989	2	0	2.998	3.801	-0.011			
990	2	0	3.959	0.961	-0.003			
991	2	0	5.934	3.214	0.019			
992	1	0	2.142	3.354	0.211			
993	1	0	3.013	0.792	0.230			
994	1	0	5.920	4.196	0.147			
995	3	0	12.719	2.160	5.813			
996	2	0	12.051	3.535	6.830			
997	2	0	13.743	2.844	4.454			
998	2	0	13.751	1.070	6.868			
999	1	0	11.646	4.156	6.173			
1000	1	0	13.167	3.525	4.025			
1001	1	0	13.227	0.970	7.703			
1002	3	0	19.216	18.589	5.339			
1003	2	0	20.625	17.426	5.519			
1004	2	0	17.638	17.680	5.559			
1005	2	0	19.347	19.903	6.612			
1006	1	0	20.403	16.672	4.916			
1007	1	0	17.707	16.908	4.944			
1008	1	0	20.305	20.152	6.610			
1009	6	0	19.576	2.562	8.985			
1010	2	0	18.142	3.913	7.836			
1011	2	0	20.838	4.379	9.541			
1012	1	0	17.421	3.305	7.534			
1013	1	0	21.540	4.017	10.137			
1014	6	0	18.487	21.431	3.643			
1015	2	0	20.282	20.134	4.189			
1016	2	0	17.090	19.689	4.110			
1017	1	0	21.057	20.745	4.115			
1018	1	0	16.182	20.065	3.993			
1019	6	0	15.937	10.558	12.153			
1020	2	0	16.365	8.866	10.683			
1021	2	0	13.932	9.598	12.669			
1022	1	0	17.281	9.051	10.357			
1023	1	0	13.565	10.170	13.388			
1024	6	0	19.995	13.084	6.005			
1025	2	0	20.163	15.194	6.857			
1026	2	0	21.916	12.498	7.089			
1027	1	0	19.340	15.649	6.547			
1028	1	0	22.018	11.531	6.901			
1029	6	0	1.344	20.420	20.334			
1030	2	0	1.732	19.985	18.129			
1031	2	0	0.229	18.439	20.526			
1032	1	0	2.299	20.738	17.827			
1033	1	0	0.001	18.378	21.487			
1034	6	0	4.367	11.374	2.182			
1035	2	0	3.791	13.309	3.244			
1036	2	0	2.721	11.732	0.643			
1037	1	0	4.463	13.401	3.965			
1038	1	0	2.826	10.992	-0.005			
1039	6	0	9.260	11.716	0.294			
1040	2	0	8.719	10.042	1.745			
1041	2	0	11.213	12.058	1.421			
1042	1	0	7.872	9.673	1.389			
1043	1	0	11.681	12.754	0.895			
1044	6	0	7.729	16.474	15.539			
1045	2	0	6.369	14.863	16.410			
1046	2	0	6.348	18.087	16.373			
1047	1	0	6.837	14.014	16.211			
1048	1	0	6.803	18.938	16.153			
1049	6	0	7.768	11.948	18.296			
1050	2	0	7.327	11.240	20.420			
1051	2	0	5.547	11.805	17.791			
1052	1	0	8.203	11.287	20.880			
1053	1	0	5.484	12.148	16.865			
1054	6	0	20.951	11.564	4.735			
1055	2	0	21.103	9.573	3.633			
1056	2	0	18.778	11.763	4.068			
1057	1	0	22.011	9.242	3.849			
1058	1	0	18.460	12.589	4.512			
1059	6	0	2.527	15.769	10.647			
1060	2	0	3.180	13.584	10.715			
1061	2	0	0.474	15.176	11.449			
1062	1	0	4.133	13.605	10.449			
1063	1	0	0.000	16.037	11.567			
1064	6	0	16.136	17.088	19.632			
1065	2	0	16.753	17.117	21.828			
1066	2	0	15.582	14.882	19.820			
1067	1	0	16.989	18.062	22.003			
1068	1	0	15.203	14.648	18.936			
1069	6	0	5.617	0.479	11.304			
1070	2	0	6.691	2.333	10.522			
1071	2	0	4.568	1.754	12.878			
1072	1	0	7.197	2.009	9.735			
1073	1	0	3.955	1.125	13.335			
1074	6	0	2.167	7.386	7.147			
1075	2	0	0.815	6.126	5.810			
1076	2	0	1.982	5.824	8.800			
1077	1	0	0.801	6.613	4.948			
1078	1	0	2.581	6.153	9.516			
1079	6	0	11.076	12.985	9.251			
1080	2	0	11.658	12.297	11.347			
1081	2	0	8.969	13.449	9.992			
1082	1	0	12.623	12.090	11.277			
1083	1	0	8.516	13.848	9.208			
1084	6	0	4.263	3.291	21.086			
1085	2	0	3.996	5.443	20.377			
1086	2	0	2.131	2.813	20.429			
1087	1	0	4.884	5.858	20.515			
1088	1	0	2.035	1.842	20.597			
1089	6	0	14.404	19.413	20.288			
1090	2	0	14.333	17.213	20.886			
1091	2	0	16.683	19.318	20.222			
1092	1	0	13.367	16.998	20.914			
1093	1	0	16.956	20.213	19.902			
1094	6	0	14.419	16.547	11.646			
1095	2	0	16.352	17.722	11.940			
1096	2	0	15.076	15.069	13.255			
1097	1	0	16.255	18.506	11.344			
1098	1	0	14.308	14.453	13.351			
