#	LAMMPS	data	file	written	by	OVITO	Basic	3.6.0
1038	atoms							
6	atom	types						
0.0	22.0	xlo	xhi					
0.0	22.0	ylo	yhi					
0.0	22.0	zlo	zhi					
								
Masses								
								
1	1.0079400	#	H					
2	15.9994000	#	O					
3	26.9815380	#	Al					
4	28.0855000	#	Si					
5	39.0983000	#	K					
6	40.0780000	#	Ca					
								
Atoms	#	charge						
								
1	5	0	17.957	14.313	2.412			
2	2	0	18.932	14.956	4.476			
3	1	0	19.813	14.508	4.479			
4	5	0	17.818	3.098	16.574			
5	2	0	20.062	3.067	17.339			
6	1	0	20.055	2.426	18.092			
7	5	0	19.804	15.01	11.335			
8	2	0	19.621	16.55	9.541			
9	1	0	19.444	15.983	8.75			
10	5	0	18.476	9.666	18.777			
11	2	0	19.688	11.699	18.624			
12	1	0	19.512	12.019	17.705			
13	5	0	22.005	20.551	13.519			
14	2	0	19.978	21.659	14.056			
15	1	0	20.125	22.008	14.969			
16	5	0	6.031	18.623	4.825			
17	2	0	5.107	20.627	3.957			
18	1	0	4.887	20.408	3.018			
19	5	0	0.85	13.562	21.616			
20	2	0	-0.008	14.233	19.51			
21	1	0	0.239	13.496	18.899			
22	5	0	4.577	10.248	10.357			
23	2	0	6.534	11.58	10.22			
24	1	0	6.896	11.389	9.32			
25	5	0	17.513	11.89	3.619			
26	2	0	16.985	9.637	3.104			
27	1	0	17.355	9.5	2.197			
28	5	0	11.461	9.213	16.726			
29	2	0	10.087	10.122	15.02			
30	1	0	9.811	11.004	15.374			
31	5	0	13.796	7.41	1.186			
32	2	0	11.875	8.013	2.438			
33	1	0	11.708	7.231	3.021			
34	5	0	21.989	8.349	11.732			
35	2	0	20.438	6.658	12.332			
36	1	0	20.069	6.962	13.197			
37	5	0	10.055	14.301	1.494			
38	2	0	10.767	16.506	1.999			
39	1	0	10.997	16.475	2.96			
40	5	0	4.907	22.002	6.062			
41	2	0	2.939	21.896	7.382			
42	1	0	2.486	21.071	7.079			
43	5	0	3.425	13.334	4.144			
44	2	0	2.427	14.314	2.229			
45	1	0	1.585	13.81	2.107			
46	5	0	12.88	19.204	19.042			
47	2	0	15.133	19.085	18.313			
48	1	0	15.664	19.193	19.141			
49	5	0	15.847	21.907	2.606			
50	2	0	17.222	20.028	3.055			
51	1	0	16.711	19.261	2.697			
52	5	0	7.229	3.378	4.793			
53	2	0	8.222	2.247	6.625			
54	1	0	8.352	2.952	7.307			
55	5	0	2.741	17.738	5.554			
56	2	0	4.954	17.148	6.172			
57	1	0	5.293	16.632	5.4			
58	5	0	6.379	8.275	16.151			
59	2	0	4.268	9.285	15.773			
60	1	0	4.484	10.216	15.52			
61	5	0	0.366	3.918	4.532			
62	2	0	2.312	4.866	3.564			
63	1	0	1.969	5.434	2.831			
64	5	0	7.552	8.089	6.493			
65	2	0	9.116	9.41	5.296			
66	1	0	8.774	9.412	4.368			
67	5	0	17.855	21.173	1.286			
68	2	0	20.205	21.199	0.968			
69	1	0	20.36	21.957	0.352			
70	5	0	5.109	21.244	14.978			
71	2	0	4.452	19.028	14.449			
72	1	0	3.464	19.049	14.495			
73	5	0	9.858	4.304	6.447			
74	2	0	11.761	5.512	5.71			
75	1	0	11.739	5.425	4.725			
76	5	0	21.85	2.664	5.868			
77	2	0	19.563	2.28	6.363			
78	1	0	19.074	2.772	5.658			
79	5	0	1.56	7.151	5.92			
80	2	0	2.084	5.021	6.82			
81	1	0	1.829	4.385	6.107			
82	5	0	0.031	17.508	14.055			
83	2	0	1.877	17.393	15.538			
84	1	0	2.29	16.514	15.347			
85	5	0	10.859	9.97	2.563			
86	2	0	11.659	12.094	3.251			
87	1	0	12.156	11.909	4.086			
88	5	0	10.007	6.055	9.571			
89	2	0	8.321	6.373	11.207			
90	1	0	7.552	5.849	10.872			
91	5	0	11.083	-0.006	6.875			
92	2	0	10.425	2.265	7.046			
93	1	0	10.861	2.585	7.874			
94	5	0	15.71	6.558	14.148			
95	2	0	14.867	7.958	15.865			
96	1	0	14.247	7.378	16.371			
97	5	0	11.271	8.44	20.199			
98	2	0	13.629	8.485	20.444			
99	1	0	13.771	8.662	21.407			
100	5	0	1.906	12.268	18.156			
101	2	0	1.451	10.897	16.276			
102	1	0	2.164	11.124	15.629			
103	5	0	14.984	1.421	6.51			
104	2	0	17.251	0.921	6.026			
105	1	0	17.228	0	5.668			
106	5	0	19.686	12.192	11.305			
107	2	0	21.865	13.07	11.629			
108	1	0	21.82	13.982	11.248			
109	4	0	5.764	9.435	2.031			
110	2	0	4.219	9.221	2.497			
111	2	0	6.563	8.022	2.148			
112	2	0	5.796	9.962	0.491			
113	2	0	6.481	10.536	2.991			
114	1	0	4.132	8.701	3.309			
115	1	0	7.52	8.132	2.25			
116	1	0	5.194	9.478	-0.092			
117	1	0	6.294	11.449	2.728			
118	4	0	11.416	13.732	15.184			
119	2	0	11.718	15.119	14.388			
120	2	0	12.658	12.703	14.968			
121	2	0	11.229	14.048	16.77			
122	2	0	10.053	13.052	14.609			
123	1	0	12.058	14.98	13.492			
124	1	0	12.409	11.774	15.082			
125	1	0	11.899	14.653	17.121			
126	1	0	9.248	13.428	14.995			
127	4	0	1.585	14.871	7.118			
128	2	0	0.032	14.463	6.853			
129	2	0	2.376	14.939	5.698			
130	2	0	1.645	16.322	7.855			
131	2	0	2.293	13.757	8.071			
132	1	0	-0.07	13.732	6.227			
133	1	0	3.331	14.81	5.785			
134	1	0	1.049	16.976	7.46			
135	1	0	2.116	13.893	9.013			
136	4	0	1.231	5.166	12.043			
137	2	0	1.509	6.572	11.272			
138	2	0	2.56	4.735	12.876			
139	2	0	-0.026	5.348	13.062			
140	2	0	0.879	4.004	10.959			
141	1	0	2.369	6.602	10.827			
142	1	0	2.613	3.783	13.045			
143	1	0	0.016	6.166	13.579			
144	1	0	-0.048	4.013	10.679			
145	4	0	16.01	10.372	9.353			
146	2	0	15.118	11.282	10.366			
147	2	0	15.102	9.145	8.789			
148	2	0	16.527	11.292	8.114			
149	2	0	17.296	9.765	10.144			
150	1	0	14.598	10.76	10.994			
151	1	0	15.625	8.385	8.498			
152	1	0	15.837	11.863	7.746			
153	1	0	18.034	10.389	10.205			
154	4	0	14.536	15.296	9.77			
155	2	0	13.035	15.08	10.363			
156	2	0	15.583	15.473	11.002			
157	2	0	14.952	14.004	8.871			
158	2	0	14.574	16.631	8.839			
159	1	0	12.815	15.694	11.078			
160	1	0	16.386	15.956	10.755			
161	1	0	14.731	13.159	9.29			
162	1	0	14.259	16.475	7.937			
163	4	0	8.759	12.078	18.571			
164	2	0	9.379	13.541	18.924			
165	2	0	9.764	10.92	19.116			
166	2	0	7.301	11.924	19.281			
167	2	0	8.589	11.925	16.96			
168	1	0	10.325	13.613	18.728			
169	1	0	9.669	10.08	18.644			
170	1	0	7.289	12.229	20.2			
171	1	0	7.777	12.331	16.622			
172	4	0	14.967	10.234	14.54			
173	2	0	14.578	11.696	13.941			
174	2	0	16.206	9.613	13.688			
175	2	0	15.394	10.387	16.104			
176	2	0	13.687	9.234	14.429			
177	1	0	14.534	11.714	12.974			
178	1	0	16.251	8.647	13.727			
179	1	0	15.988	11.134	16.267			
180	1	0	13.055	9.344	15.154			
181	4	0	18.118	18.043	14.793			
182	2	0	17.601	18.691	16.194			
183	2	0	16.837	17.533	13.929			
184	2	0	18.943	19.166	13.95			
185	2	0	19.095	16.778	15.099			
186	1	0	16.922	18.159	16.634			
187	1	0	17.057	16.836	13.295			
188	1	0	18.505	20.03	13.934			
189	1	0	20.007	17.039	15.294			
190	4	0	13.555	5.84	11.916			
191	2	0	12.581	6.415	10.746			
192	2	0	14.908	5.236	11.244			
193	2	0	13.937	7.045	12.942			
194	2	0	12.792	4.659	12.736			
195	1	0	12.499	5.819	9.988			
196	1	0	15.345	4.571	11.796			
197	1	0	14.18	7.867	12.493			
198	1	0	12.197	4.995	13.422			
199	4	0	17.223	13.486	20.385			
200	2	0	17.442	12.347	21.527			
201	2	0	18.63	13.752	19.612			
202	2	0	16.096	12.979	19.325			
203	2	0	16.723	14.872	21.078			
204	1	0	18.244	12.479	22.052			
205	1	0	18.681	14.628	19.203			
206	1	0	16.216	12.058	19.051			
207	1	0	15.77	14.888	21.251			
208	4	0	19.739	17.403	5.272			
209	2	0	18.437	17.457	4.298			
210	2	0	19.828	18.783	6.13			
211	2	0	19.609	16.132	6.281			
212	2	0	21.09	17.242	4.378			
213	1	0	18.339	18.301	3.835			
214	1	0	20.724	18.986	6.436			
215	1	0	18.727	16.043	6.671			
216	1	0	21.268	16.326	4.12			
217	4	0	8.411	14.97	10.522			
218	2	0	7.71	16.421	10.752			
219	2	0	9.489	14.697	11.709			
220	2	0	7.268	13.81	10.534			
221	2	0	9.179	14.951	9.087			
222	1	0	8.341	17.119	10.979			
223	1	0	10.183	14.069	11.459			
224	1	0	6.627	13.912	11.253			
225	1	0	8.589	14.764	8.342			
226	4	0	13.959	4.025	16.507			
227	2	0	13.432	4.899	15.239			
228	2	0	15.369	4.64	17.038			
229	2	0	12.849	4.076	17.697			
230	2	0	14.188	2.479	16.053			
231	1	0	14.128	5.097	14.595			
232	1	0	15.911	3.996	17.515			
233	1	0	12.498	4.965	17.854			
234	1	0	13.372	1.957	16.055			
235	4	0	12.676	10.868	18.498			
236	2	0	11.979	11.525	19.813			
237	2	0	12.65	9.246	18.627			
238	2	0	11.862	11.33	17.166			
239	2	0	14.22	11.37	18.384			
240	1	0	12.266	11.119	20.643			
241	1	0	13.339	8.81	18.105			
242	1	0	10.901	11.271	17.265			
243	1	0	14.308	12.242	17.972			
244	4	0	13.073	16.847	16.626			
245	2	0	11.471	17.063	16.435			
246	2	0	13.827	18.287	16.533			
247	2	0	13.358	16.168	18.079			
248	2	0	13.642	15.869	15.456			
249	1	0	11.25	17.659	15.705			
250	1	0	14.756	18.215	16.271			
251	1	0	12.85	16.573	18.797			
252	1	0	13.51	14.929	15.649			
253	4	0	9.398	19.273	13.46			
254	2	0	10.377	18.315	12.581			
255	2	0	9.749	20.831	13.152			
256	2	0	7.848	18.967	13.067			
257	2	0	9.617	18.978	15.046			
258	1	0	11.304	18.596	12.597			
259	1	0	9.493	21.43	13.869			
260	1	0	7.702	18.897	12.112			
261	1	0	9.12	18.21	15.363			
262	4	0	3.035	1.566	5.849			
263	2	0	3.958	0.676	6.852			
264	2	0	3.943	2.738	5.178			
265	2	0	2.422	0.606	4.685			
266	2	0	1.814	2.247	6.682			
267	1	0	4.527	1.211	7.424			
268	1	0	3.425	3.5	4.88			
269	1	0	3.074	-0.001	4.307			
270	1	0	1.063	1.65	6.813			
271	4	0	20.532	3.726	3.428			
272	2	0	20.488	4.502	1.998			
273	2	0	20.34	4.803	4.632			
274	2	0	19.337	2.621	3.48			
275	2	0	21.965	2.976	3.605			
276	1	0	21.016	5.313	1.986			
277	1	0	20.71	4.504	5.475			
278	1	0	18.49	2.958	3.155			
279	1	0	22.003	2.117	3.159			
280	4	0	7.355	3.116	12.176			
281	2	0	6.551	1.837	12.78			
282	2	0	8.343	2.618	10.982			
283	2	0	6.288	4.2	11.594			
284	2	0	8.243	3.813	13.348			
285	1	0	7.117	1.067	12.934			
286	1	0	9.092	3.213	10.833			
287	1	0	5.584	3.798	11.066			
288	1	0	7.731	4.42	13.903			
289	4	0	17.18	5.297	7.06			
290	2	0	17.67	5.798	8.529			
291	2	0	16.402	3.875	7.206			
292	2	0	16.183	6.409	6.413			
293	2	0	18.469	5.102	6.086			
294	1	0	18.076	5.096	9.057			
295	1	0	16.409	3.35	6.393			
296	1	0	15.523	6.741	7.039			
297	1	0	18.771	5.93	5.683			
298	4	0	10.682	3.349	1.399			
299	2	0	9.414	3.332	0.379			
300	2	0	10.674	4.738	2.246			
301	2	0	10.577	2.081	2.414			
302	2	0	12.07	3.247	0.554			
303	1	0	9.292	4.167	-0.095			
304	1	0	11.548	4.987	2.581			
305	1	0	9.688	1.952	2.775			
306	1	0	12.301	2.338	0.311			
307	4	0	8.051	19.407	3.249			
308	2	0	7.907	20.618	4.327			
309	2	0	6.592	19.08	2.607			
310	2	0	9.086	19.851	2.073			
311	2	0	8.62	18.074	3.989			
312	1	0	7.148	20.514	4.92			
313	1	0	6.52	18.179	2.26			
314	1	0	8.934	20.751	1.75			
315	1	0	9.583	18.076	4.089			
316	4	0	20.697	7.165	8.462			
317	2	0	19.96	8.577	8.795			
318	2	0	19.66	6.187	7.678			
319	2	0	22.005	7.444	7.533			
320	2	0	21.166	6.448	9.846			
321	1	0	19.065	8.468	9.147			
322	1	0	19.876	5.248	7.771			
323	1	0	21.835	8.066	6.81			
324	1	0	22.008	6.787	10.184			
325	4	0	4.008	3.766	8.727			
326	2	0	4.659	2.44	9.411			
327	2	0	4.256	3.721	7.119			
328	2	0	2.41	3.805	9.039			
329	2	0	4.707	5.102	9.339			
330	1	0	5.547	2.236	9.081			
331	1	0	4.239	4.596	6.706			
332	1	0	1.975	2.95	8.911			
333	1	0	4.328	5.376	10.187			
334	4	0	4.618	11.102	19.311			
335	2	0	5.941	10.259	19.744			
336	2	0	3.321	10.51	20.096			
337	2	0	4.827	12.671	19.693			
338	2	0	4.379	10.967	17.707			
339	1	0	5.799	9.301	19.755			
340	1	0	2.485	10.69	19.642			
341	1	0	5.199	12.803	20.577			
342	1	0	4.918	11.583	17.189			
343	4	0	4.387	13.338	1.236			
344	2	0	4.032	14.33	-0.004			
345	2	0	3.124	12.352	1.518			
346	2	0	5.704	12.457	0.863			
347	2	0	4.69	14.215	2.574			
348	1	0	3.145	14.714	0.054			
349	1	0	3.1	12.01	2.424			
350	1	0	5.68	12.094	-0.035			
351	1	0	5.597	14.554	2.609			
352	4	0	1.54	1.604	2.076			
353	2	0	0.428	2.733	2.449			
354	2	0	2.946	1.969	2.809			
355	2	0	1.017	0.145	2.576			
356	2	0	1.77	1.568	0.465			
357	1	0	0.766	3.638	2.387			
358	1	0	3.718	1.587	2.366			
359	1	0	0.644	0.158	3.469			
360	1	0	1.105	1.042	-0.003			
361	4	0	4.972	20.735	10.303			
362	2	0	6.367	21.202	9.607			
363	2	0	3.984	22.02	10.446			
364	2	0	4.265	19.593	9.382			
365	2	0	5.272	20.123	11.781			
366	1	0	6.722	22.025	9.974			
367	1	0	3.326	21.919	11.15			
368	1	0	4.269	19.806	8.438			
369	1	0	5.551	19.196	11.76			
370	4	0	13.501	5.065	20.722			
371	2	0	14.629	4.56	19.663			
372	2	0	13.011	3.806	21.63			
373	2	0	14.135	6.221	21.676			
374	2	0	12.223	5.673	19.918			
375	1	0	14.396	3.729	19.222			
376	1	0	12.126	3.926	22.003			
377	1	0	15.021	6.005	22.002			
378	1	0	12.35	6.593	19.642			
379	4	0	8.884	2.522	16.863			
380	2	0	10.018	3.287	17.745			
381	2	0	8.062	3.612	15.978			
382	2	0	9.601	1.439	15.881			
383	2	0	7.848	1.747	17.851			
384	1	0	9.691	4.089	18.178			
385	1	0	7.176	3.313	15.729			
386	1	0	10.385	1.789	15.434			
387	1	0	8.176	0.884	18.145			
388	4	0	19.936	18.82	11.125			
389	2	0	19.881	18.942	9.503			
390	2	0	21.466	19.046	11.631			
391	2	0	18.963	19.947	11.784			
392	2	0	19.433	17.342	11.584			
393	1	0	20.595	18.462	9.058			
394	1	0	21.647	18.64	12.491			
395	1	0	19.057	20.82	11.376			
396	1	0	18.469	17.265	11.63			
397	4	0	5.142	7.927	13.756			
398	2	0	6.482	8.825	13.97			
399	2	0	3.926	8.884	13.253			
400	2	0	5.435	6.774	12.644			
401	2	0	4.721	7.222	15.161			
402	1	0	6.316	9.655	14.44			
403	1	0	3.049	8.525	13.454			
404	1	0	5.907	7.105	11.866			
405	1	0	5.215	6.409	15.342			
406	4	0	15.318	1.777	3.223			
407	2	0	16.196	0.442	3.532			
408	2	0	14.569	1.61	1.788			
409	2	0	14.214	1.983	4.402			
410	2	0	16.294	3.078	3.168			
411	1	0	16.71	0.137	2.77			
412	1	0	14.344	2.456	1.373			
413	1	0	13.755	1.166	4.643			
414	1	0	16.498	3.438	4.044			
415	4	0	3.991	17.79	20.541			
416	2	0	5.245	18.329	21.427			
417	2	0	3.792	18.753	19.245			
418	2	0	4.288	16.264	20.056			
419	2	0	2.632	17.813	21.437			
420	1	0	5.239	19.289	21.556			
421	1	0	2.892	18.735	18.889			
422	1	0	5.188	16.138	19.721			
423	1	0	2.54	17.036	22.008			
424	4	0	2.021	15.695	18.052			
425	2	0	2.873	16.989	17.552			
426	2	0	2.285	15.456	19.64			
427	2	0	0.436	15.957	17.788			
428	2	0	2.491	14.373	17.227			
429	1	0	3.784	16.998	17.88			
430	1	0	2.13	14.543	19.92			
431	1	0	0.145	16.842	18.054			
432	1	0	2.066	14.295	16.36			
433	4	0	4.843	13.683	13.947			
434	2	0	3.457	13.732	13.096			
435	2	0	5.74	12.421	13.445			
436	2	0	5.665	15.07	13.721			
437	2	0	4.512	13.508	15.531			
438	1	0	3.033	12.866	13.003			
439	1	0	6.368	12.109	14.113			
440	1	0	5.693	15.352	12.795			
441	1	0	4.294	14.343	15.969			
442	4	0	10.92	17.867	8.005			
443	2	0	9.346	17.759	8.406			
444	2	0	11.122	17.361	6.472			
445	2	0	11.409	19.414	8.146			
446	2	0	11.807	16.932	8.999			
447	1	0	8.937	16.926	8.133			
448	1	0	12.021	17.05	6.288			
449	1	0	10.784	20.049	7.767			
450	1	0	12.011	17.36	9.843			
451	4	0	8.669	12.032	4.087			
452	2	0	7.445	11.425	4.973			
453	2	0	8.673	13.655	4.212			
454	2	0	10.08	11.432	4.633			
455	2	0	8.478	11.617	2.525			
456	1	0	6.612	11.904	4.854			
457	1	0	9.101	14.094	3.464			
458	1	0	10.152	11.44	5.599			
459	1	0	8.8	10.725	2.326			
460	4	0	20.716	11.922	4.228			
461	2	0	21.606	13.282	4.138			
462	2	0	19.778	11.978	5.557			
463	2	0	19.784	11.797	2.899			
464	2	0	21.696	10.627	4.32			
465	1	0	22.007	13.534	4.982			
466	1	0	19.514	11.103	5.875			
467	1	0	19.348	12.627	2.657			
468	1	0	22.023	10.334	3.457			
469	4	0	4.569	1.268	15.127			
470	2	0	3.557	0.097	15.632			
471	2	0	4.725	2.389	16.297			
472	2	0	6.023	0.617	14.789			
473	2	0	3.972	1.973	13.788			
474	1	0	2.759	0.439	16.06			
475	1	0	4.989	3.257	15.961			
476	1	0	6.328	-0.008	15.462			
477	1	0	4.168	1.479	12.978			
478	4	0	17.723	2.942	12.882			
479	2	0	18.603	3.835	13.92			
480	2	0	18.184	1.385	12.984			
481	2	0	16.144	3.077	13.255			
482	2	0	17.961	3.471	11.361			
483	1	0	19.548	3.625	13.9			
484	1	0	17.993	0.876	12.183			
485	1	0	15.968	3.002	14.205			
486	1	0	17.416	4.238	11.135			
487	4	0	12.609	10.76	1.067			
488	2	0	13.603	11.445	-0.024			
489	2	0	13.313	10.79	2.533			
490	2	0	11.205	11.583	1.11			
491	2	0	12.312	9.215	0.648			
492	1	0	14.522	11.152	0.058			
493	1	0	12.979	10.107	3.132			
494	1	0	11.325	12.544	1.124			
495	1	0	11.612	9.129	-0.016			
496	4	0	20.952	1.032	8.471			
497	2	0	22	0.801	9.695			
498	2	0	19.437	0.763	9			
499	2	0	21.085	2.561	7.927			
500	2	0	21.286	0	7.257			
501	1	0	21.821	0	10.207			
502	1	0	18.823	0.52	8.292			
503	1	0	21.128	3.217	8.637			
504	1	0	22	0.309	6.68			
505	4	0	20.617	16.652	20.355			
506	2	0	20.352	18	19.483			
507	2	0	21.514	17.021	21.661			
508	2	0	19.19	16.022	20.823			
509	2	0	21.414	15.559	19.45			
510	1	0	21.145	18.543	19.366			
511	1	0	22.009	16.266	22.01			
512	1	0	18.572	16.685	21.163			
513	1	0	20.832	15.047	18.87			
514	4	0	5.08	13.723	6.971			
515	2	0	4.655	15.204	7.495			
516	2	0	3.739	12.846	6.687			
517	2	0	5.95	13.863	5.601			
518	2	0	5.979	12.974	8.103			
519	1	0	3.958	15.188	8.167			
520	1	0	3.89	11.891	6.735			
521	1	0	5.571	14.493	4.971			
522	1	0	6.913	13.231	8.078			
523	4	0	10.394	6.987	12.094			
524	2	0	11.743	7.197	12.98			
525	2	0	10.505	7.86	10.726			
526	2	0	10.226	5.408	11.731			
527	2	0	9.096	7.483	12.941			
528	1	0	12.023	8.122	13.038			
529	1	0	9.644	8.082	10.343			
530	1	0	11.05	4.994	11.436			
531	1	0	8.77	6.816	13.563			
532	4	0	12.385	9.554	6.522			
533	2	0	12.776	8.494	7.693			
534	2	0	11.482	8.805	5.395			
535	2	0	11.548	10.791	7.169			
536	2	0	13.739	10.13	5.825			
537	1	0	13.071	7.638	7.351			
538	1	0	11.522	9.232	4.527			
539	1	0	10.862	10.505	7.79			
540	1	0	14.144	10.856	6.323			
541	4	0	15.721	21.141	12.327			
542	2	0	14.369	22.012	12.574			
543	2	0	15.319	19.593	12.028			
544	2	0	16.536	21.756	11.058			
545	2	0	16.666	21.201	13.651			
546	1	0	13.733	21.574	13.158			
547	1	0	16.029	18.967	12.233			
548	1	0	15.967	21.963	10.303			
549	1	0	17.211	22.001	13.694			
550	4	0	20.011	18.728	1.557			
551	2	0	18.972	18.465	0.333			
552	2	0	19.361	19.8	2.595			
553	2	0	20.308	17.324	2.326			
554	2	0	21.408	19.327	0.976			
555	1	0	18.581	19.277	-0.02			
556	1	0	20.023	20.274	3.119			
557	1	0	19.51	16.803	2.493			
558	1	0	22.006	18.643	0.64			
559	4	0	18.517	12.791	8.581			
560	2	0	17.732	13.46	7.322			
561	2	0	19.651	13.825	9.121			
562	2	0	17.454	12.465	9.77			
563	2	0	19.236	11.408	8.11			
564	1	0	18.324	13.881	6.681			
565	1	0	20.375	13.387	9.592			
566	1	0	16.833	13.189	9.936			
567	1	0	18.634	10.649	8.105			
568	4	0	2.219	16.146	12.261			
569	2	0	0.991	15.085	12.384			
570	2	0	3.271	15.898	13.477			
571	2	0	2.968	15.942	10.83			
572	2	0	1.644	17.666	12.354			
573	1	0	0.65	14.996	13.286			
574	1	0	3.801	16.68	13.69			
575	1	0	3.129	15.013	10.612			
576	1	0	1.299	17.995	11.51			
577	4	0	1.143	11.053	9.287			
578	2	0	1.367	9.876	10.389			
579	2	0	-0.002	10.59	8.228			
580	2	0	0.68	12.419	10.042			
581	2	0	2.533	11.328	8.485			
582	1	0	1.422	8.992	9.999			
583	1	0	0.066	11.037	7.372			
584	1	0	-0.001	12.272	10.715			
585	1	0	3.138	11.915	8.963			
586	4	0	1.551	17.122	2.292			
587	2	0	1.435	18.623	2.912			
588	2	0	0.116	16.687	1.66			
589	2	0	2.694	17.103	1.132			
590	2	0	1.959	16.071	3.465			
591	1	0	0.634	18.759	3.437			
592	1	0	-0.006	15.728	1.614			
593	1	0	2.638	17.857	0.528			
594	1	0	2.911	16.051	3.644			
595	4	0	7.106	5.684	1.412			
596	2	0	5.722	5.958	0.6			
597	2	0	6.881	6.016	2.989			
598	2	0	7.539	4.125	1.231			
599	2	0	8.286	6.64	0.827			
600	1	0	5.292	6.79	0.845			
601	1	0	7.702	6.233	3.454			
602	1	0	6.802	3.508	1.341			
603	1	0	8.705	6.284	0.03			
604	4	0	21.062	10.927	20.856			
605	2	0	21.703	11.515	19.481			
606	2	0	22.015	9.738	21.43			
607	2	0	20.949	12.123	21.955			
608	2	0	19.578	10.327	20.561			
609	1	0	22.005	10.825	18.873			
610	1	0	21.544	9.114	22			
611	1	0	21.745	12.672	22.006			
612	1	0	18.888	11.006	20.552			
613	4	0	4.954	17.376	9.805			
614	2	0	3.846	17.99	10.827			
615	2	0	5.12	15.782	10.083			
616	2	0	4.468	17.623	8.27			
617	2	0	6.387	18.112	10.038			
618	1	0	3.955	17.684	11.739			
619	1	0	5.977	15.432	9.8			
620	1	0	3.533	17.416	8.127			
621	1	0	6.458	18.961	9.578			
622	4	0	8.269	20.238	17.071			
623	2	0	9.001	21.222	16			
624	2	0	7.381	21.129	18.102			
625	2	0	7.308	19.193	16.274			
626	2	0	9.388	19.406	17.91			
627	1	0	9.404	22.002	16.41			
628	1	0	7.225	20.69	18.951			
629	1	0	6.776	19.613	15.583			
630	1	0	9.712	18.624	17.44			
631	4	0	17.916	6.906	16.548			
632	2	0	17.751	5.468	15.803			
633	2	0	16.722	7.089	17.639			
634	2	0	19.361	6.966	17.295			
635	2	0	17.827	8.107	15.453			
636	1	0	16.84	5.278	15.535			
637	1	0	16.531	8.015	17.845			
638	1	0	19.573	6.157	17.784			
639	1	0	18.666	8.268	14.996			
640	4	0	15.893	5.559	1.122			
641	2	0	17.163	4.625	0.717			
642	2	0	14.553	4.64	1.207			
643	2	0	16.175	6.261	2.563			
644	2	0	15.677	6.714	-0.005			
645	1	0	16.972	4.01	-0.006			
646	1	0	13.736	5.142	1.076			
647	1	0	16.536	5.65	3.222			
648	1	0	16.257	7.48	0.12			
649	4	0	18.434	9.08	4.941			
650	2	0	19.098	9.856	3.673			
651	2	0	19.547	8.917	6.117			
652	2	0	17.165	9.938	5.495			
653	2	0	17.923	7.605	4.479			
654	1	0	19.978	9.526	3.44			
655	1	0	19.363	8.179	6.716			
656	1	0	17.348	10.886	5.569			
657	1	0	17.053	7.619	4.055			
658	4	0	18.054	19.869	7.107			
659	2	0	16.856	20.836	7.636			
660	2	0	17.943	18.421	7.841			
661	2	0	17.925	19.682	5.494			
662	2	0	19.497	20.536	7.456			
663	1	0	16.738	20.808	8.597			
664	1	0	18.784	17.942	7.871			
665	1	0	17.018	19.51	5.201			
666	1	0	19.774	21.202	6.81			
667	4	0	5.144	9.296	6.061			
668	2	0	3.787	9.72	5.268			
669	2	0	4.916	7.858	6.789			
670	2	0	6.378	9.191	5.004			
671	2	0	5.497	10.416	7.188			
672	1	0	2.981	9.583	5.786			
673	1	0	5.5	7.717	7.548			
674	1	0	6.145	8.722	4.189			
675	1	0	5.968	11.182	6.829			
676	4	0	12.686	14.69	3.506			
677	2	0	13.259	16.211	3.577			
678	2	0	11.223	14.63	4.216			
679	2	0	12.563	14.231	1.948			
680	2	0	13.699	13.681	4.284			
681	1	0	13.145	16.623	4.446			
682	1	0	10.99	13.747	4.538			
683	1	0	12.168	14.908	1.38			
684	1	0	14.451	13.404	3.741			
685	4	0	7.828	15.505	15.037			
686	2	0	8.433	14.994	13.616			
687	2	0	7.11	14.258	15.798			
688	2	0	9.035	16.094	15.958			
689	2	0	6.729	16.678	14.779			
690	1	0	7.82	14.434	13.118			
691	1	0	6.435	14.536	16.434			
692	1	0	9.824	15.533	15.959			
693	1	0	7.127	17.552	14.655			
694	4	0	20.689	10.797	13.369			
695	2	0	22.003	10.377	14.232			
696	2	0	19.358	10.19	14.083			
697	2	0	20.586	12.42	13.296			
698	2	0	20.807	10.199	11.86			
699	1	0	22.003	9.448	14.504			
700	1	0	18.616	10.074	13.472			
701	1	0	20.744	12.852	14.148			
702	1	0	21.345	10.75	11.273			
703	4	0	2.799	5.154	18.434			
704	2	0	3.624	6.139	19.433			
705	2	0	1.646	6.007	17.666			
706	2	0	3.823	4.504	17.348			
707	2	0	2.098	3.961	19.292			
708	1	0	3.054	6.725	19.951			
709	1	0	0.908	5.462	17.358			
710	1	0	4.437	5.148	16.968			
711	1	0	2.701	3.228	19.488			
712	4	0	12.34	11.775	9.852			
713	2	0	13.539	11.369	8.829			
714	2	0	11.894	10.465	10.708			
715	2	0	12.86	12.943	10.86			
716	2	0	11.059	12.324	9.01			
717	1	0	13.377	10.538	8.36			
718	1	0	10.988	10.519	11.046			
719	1	0	13.744	12.774	11.217			
720	1	0	11.139	13.257	8.762			
721	4	0	10.509	6.843	16.271			
722	2	0	11.244	6.959	17.718			
723	2	0	9.651	8.197	15.991			
724	2	0	11.632	6.65	15.108			
725	2	0	9.504	5.562	16.263			
726	1	0	10.664	7.296	18.416			
727	1	0	8.922	8.066	15.367			
728	1	0	12.388	7.248	15.203			
729	1	0	9.956	4.725	16.081			
730	4	0	9.75	6.682	7.095			
731	2	0	9.721	6.399	5.493			
732	2	0	9.558	8.275	7.366			
733	2	0	8.548	5.85	7.813			
734	2	0	11.177	6.202	7.714			
735	1	0	10.255	7.026	4.984			
736	1	0	9.921	8.564	8.216			
737	1	0	7.705	5.913	7.341			
738	1	0	11.212	5.252	7.899			
739	4	0	13.432	2.498	8.396			
740	2	0	15.057	2.585	8.375			
741	2	0	12.824	3.885	8.99			
742	2	0	12.884	2.257	6.882			
743	2	0	12.958	1.26	9.341			
744	1	0	15.431	2.947	9.191			
745	1	0	11.939	3.784	9.37			
746	1	0	13.314	2.823	6.225			
747	1	0	12.98	0.404	8.887			
748	4	0	16.854	13.332	15.705			
749	2	0	17.475	12.565	17			
750	2	0	17.658	14.727	15.467			
751	2	0	16.997	12.38	14.393			
752	2	0	15.28	13.66	15.961			
753	1	0	17.627	13.151	17.756			
754	1	0	17.142	15.387	14.983			
755	1	0	17.867	11.961	14.317			
756	1	0	14.699	12.908	15.772			
757	3	0	13.851	19.583	14.084			
758	2	0	13.568	17.798	14.404			
759	2	0	12.378	20.541	14.612			
760	2	0	15.318	20.145	15.031			
761	1	0	12.686	17.609	13.996			
762	1	0	11.615	20.088	14.174			
763	1	0	15.983	19.423	14.904			
764	3	0	9.752	11.619	12.967			
765	2	0	9.457	9.86	12.538			
766	2	0	11.473	12.078	12.526			
767	2	0	8.579	12.678	12.035			
768	1	0	10.216	9.373	12.947			
769	1	0	12.033	11.379	12.947			
770	1	0	7.713	12.204	12.105			
771	3	0	11.196	19.981	4.392			
772	2	0	11.763	18.302	3.914			
773	2	0	10.851	20.965	2.883			
774	2	0	9.667	19.844	5.396			
775	1	0	12.485	18.461	3.255			
776	1	0	11.668	20.871	2.332			
777	1	0	9.849	19.096	6.019			
778	3	0	14.706	7.298	10.435			
779	2	0	14.337	6.355	8.904			
780	2	0	16.485	7.746	10.465			
781	2	0	13.691	8.826	10.468			
782	1	0	15.024	5.642	8.879			
783	1	0	16.96	6.894	10.297			
784	1	0	12.793	8.529	10.175			
785	3	0	10.564	2.334	4.852			
786	2	0	12.132	2.497	3.912			
787	2	0	9.349	3.561	4.235			
788	2	0	9.893	0.642	4.626			
789	1	0	12.346	3.464	3.951			
790	1	0	9.833	4.424	4.253			
791	1	0	10.684	0.051	4.714			
792	3	0	13.348	14.551	6.319			
793	2	0	13.026	12.747	6.219			
794	2	0	12.279	15.295	7.612			
795	2	0	15.109	14.831	6.748			
796	1	0	12.04	12.674	6.145			
797	1	0	11.366	14.979	7.393			
798	1	0	15.604	14.186	6.182			
799	3	0	9.075	18.203	0.618			
800	2	0	8.784	16.507	-0.022			
801	2	0	10.682	18.828	-0.008			
802	2	0	7.725	19.307	0.048			
803	1	0	9.619	16.016	0.188			
804	1	0	11.33	18.113	0.211			
805	1	0	6.901	18.774	0.178			
806	3	0	10.611	20.398	11.176			
807	2	0	9.52	19.095	10.48			
808	2	0	12.155	20.496	10.19			
809	2	0	9.743	22.013	11.116			
810	1	0	10.104	18.299	10.399			
811	1	0	12.484	19.564	10.148			
812	1	0	8.822	21.808	11.418			
813	3	0	19.587	2.66	10.102			
814	2	0	19.682	4.465	10.421			
815	2	0	19.976	1.743	11.643			
816	2	0	17.892	2.229	9.547			
817	1	0	20.56	4.594	10.862			
818	1	0	20.83	2.133	11.956			
819	1	0	17.657	2.943	8.902			
820	3	0	6.345	17.101	18.117			
821	2	0	7.383	15.587	18.117			
822	2	0	7.407	18.573	18.383			
823	2	0	5.487	17.25	16.502			
824	1	0	7.927	15.658	18.942			
825	1	0	7.94	18.354	19.188			
826	1	0	5.17	16.332	16.308			
827	3	0	16.946	11.647	0.85			
828	2	0	18.587	12.182	0.227			
829	2	0	15.703	12.952	0.507			
830	2	0	16.451	10.095	0.004			
831	1	0	18.711	13.09	0.603			
832	1	0	16.108	13.781	0.866			
833	1	0	17.275	9.546	0			
834	3	0	16.335	17.875	9.345			
835	2	0	15.807	18.927	7.937			
836	2	0	17.157	16.364	8.708			
837	2	0	17.509	18.813	10.397			
838	1	0	15.311	18.312	7.339			
839	1	0	16.523	15.996	8.043			
840	1	0	17.107	19.715	10.469			
841	3	0	5.652	1.262	0.625			
842	2	0	5.167	2.916	-0.006			
843	2	0	4.483	-0.003	-0.007			
844	2	0	7.349	0.867	0.052			
845	1	0	4.201	2.989	0.205			
846	1	0	3.586	0.353	0.214			
847	1	0	7.855	1.707	0.186			
848	3	0	2.831	1.204	9.944			
849	2	0	2.646	2.7	10.991			
850	2	0	3.864	-0.034	10.819			
851	2	0	1.175	0.49	9.606			
852	1	0	3.572	2.932	11.259			
853	1	0	4.673	0.465	11.093			
854	1	0	0.608	1.274	9.398			
855	3	0	6.141	7.716	18.267			
856	2	0	6.422	6.268	17.176			
857	2	0	7.428	8.984	17.949			
858	2	0	4.485	8.426	17.921			
859	1	0	7.378	6.041	17.304			
860	1	0	8.284	8.492	18.013			
861	1	0	3.892	7.637	17.844			
862	3	0	9.016	11.688	7.616			
863	2	0	8.863	12.576	9.215			
864	2	0	7.886	10.243	7.606			
865	2	0	8.568	12.823	6.246			
866	1	0	8.962	11.869	9.902			
867	1	0	8.09	9.761	8.445			
868	1	0	9.015	13.676	6.478			
869	3	0	11.821	2.56	12.711			
870	2	0	13.238	2.816	13.849			
871	2	0	11.777	0.808	12.169			
872	2	0	10.26	2.969	13.583			
873	1	0	14.015	2.429	13.37			
874	1	0	12.694	0.624	11.846			
875	1	0	10.465	3.806	14.072			
876	3	0	14.394	5.827	5.274			
877	2	0	14.363	4.264	4.312			
878	2	0	13.475	7.127	4.362			
879	2	0	13.605	5.551	6.907			
880	1	0	14.654	4.526	3.402			
881	1	0	13.862	7.114	3.451			
882	1	0	13.965	4.679	7.209			
883	3	0	17.137	13.245	12.24			
884	2	0	15.603	13.627	13.172			
885	2	0	18.565	14.072	13.041			
886	2	0	17.407	11.43	12.233			
887	1	0	15.61	14.613	13.268			
888	1	0	18.283	15.016	13.139			
889	1	0	16.511	11.05	12.051			
890	3	0	6.57	15.913	0.849			
891	2	0	7.589	16.206	2.346			
892	2	0	6.867	14.212	0.228			
893	2	0	4.796	16.107	1.273			
894	1	0	8.504	15.932	2.083			
895	1	0	7.852	14.139	0.162			
896	1	0	4.768	16.917	1.841			
897	3	0	7.256	17.375	6.512			
898	2	0	8.934	16.979	5.881			
899	2	0	6.688	16.036	7.628			
900	2	0	7.313	18.959	7.436			
901	1	0	8.858	16.052	5.54			
902	1	0	6.823	15.204	7.109			
903	1	0	7.874	19.551	6.874			
904	3	0	18.331	4.465	20.655			
905	2	0	16.827	4.625	19.615			
906	2	0	18.751	6.096	21.382			
907	2	0	18.016	3.259	22			
908	1	0	17.016	5.395	19.021			
909	1	0	18.761	6.718	20.612			
910	1	0	17.54	2.514	21.554			
911	3	0	8.77	1.018	20.258			
912	2	0	8.085	2.7	20.523			
913	2	0	10.576	1.131	19.955			
914	2	0	8.464	-0.005	21.75			
915	1	0	8.423	3.229	19.757			
916	1	0	10.667	1.807	19.238			
917	1	0	7.53	0.205	22.003			
918	3	0	18.306	16.564	18.229			
919	2	0	16.618	16.209	17.602			
920	2	0	19.546	15.751	17.148			
921	2	0	18.587	18.377	18.225			
922	1	0	16.599	15.225	17.483			
923	1	0	19.243	14.811	17.084			
924	1	0	17.746	18.755	18.585			
925	3	0	7.367	1.146	4.392			
926	2	0	8.273	-0.009	3.289			
927	2	0	5.704	1.482	3.696			
928	2	0	7.193	0.388	6.054			
929	1	0	8.188	0.391	2.387			
930	1	0	5.874	1.746	2.758			
931	1	0	8.082	-0.008	6.237			
932	3	0	4.168	4.721	1.84			
933	2	0	3.915	6.409	2.517			
934	2	0	4.794	3.617	3.164			
935	2	0	2.571	4.075	1.209			
936	1	0	4.767	6.623	2.974			
937	1	0	5.566	4.102	3.549			
938	1	0	2.173	4.839	0.721			
939	3	0	19.755	7.815	2.076			
940	2	0	20.229	9.089	0.843			
941	2	0	19.067	6.351	1.211			
942	2	0	21.237	7.317	3.036			
943	1	0	19.429	9.189	0.268			
944	1	0	18.374	6.72	0.608			
945	1	0	21.698	8.17	3.235			
946	3	0	3.304	5.365	15.031			
947	2	0	2.249	3.876	15.22			
948	2	0	4.56	5.067	13.728			
949	2	0	2.258	6.795	14.556			
950	1	0	2.891	3.127	15.316			
951	1	0	4.981	4.207	13.978			
952	1	0	1.462	6.721	15.141			
953	3	0	2.9	19.55	4.278			
954	2	0	3.901	18.451	3.203			
955	2	0	3.902	20.075	5.722			
956	2	0	2.382	21.028	3.323			
957	1	0	4.271	17.769	3.819			
958	1	0	4.262	19.233	6.096			
959	1	0	2.101	20.666	2.445			
960	3	0	5.562	3.932	19.859			
961	2	0	5.293	2.196	20.392			
962	2	0	6.417	4.858	21.193			
963	2	0	6.596	3.949	18.344			
964	1	0	4.872	2.273	21.286			
965	1	0	5.879	4.681	22.004			
966	1	0	6.22	3.224	17.783			
967	3	0	1.244	9.893	0.437			
968	2	0	0.891	9.036	2.021			
969	2	0	0.921	11.689	0.625			
970	2	0	3.002	9.632	-0.017			
971	1	0	-0.013	9.349	2.277			
972	1	0	0.01	11.74	1.008			
973	1	0	3.163	8.673	0.169			
974	3	0	20.317	9.979	17.391			
975	2	0	21.433	10.927	16.285			
976	2	0	18.678	9.785	16.59			
977	2	0	21.041	8.324	17.711			
978	1	0	20.91	11.73	16.033			
979	1	0	18.423	10.702	16.319			
980	1	0	22.001	8.504	17.875			
981	3	0	4.298	11.202	12.319			
982	2	0	4.55	12.373	10.927			
983	2	0	2.651	10.409	12.163			
984	2	0	5.604	9.915	12.274			
985	1	0	3.732	12.932	10.922			
986	1	0	2.021	11.163	12.048			
987	1	0	6.436	10.416	12.084			
988	3	0	14.798	9.314	4.079			
989	2	0	15.615	10.952	4.216			
990	2	0	15.176	8.574	2.443			
991	2	0	15.422	8.212	5.407			
992	1	0	15.354	11.429	3.388			
993	1	0	14.948	9.282	1.791			
994	1	0	15.436	8.785	6.214			
995	3	0	21.362	14.936	8.299			
996	2	0	21.918	15.95	6.873			
997	2	0	22.005	13.227	8.125			
998	2	0	21.998	15.673	9.854			
999	1	0	21.677	15.412	6.077			
1000	1	0	21.745	12.955	7.21			
1001	1	0	21.849	16.646	9.743			
1002	3	0	14.497	21.457	4.284			
1003	2	0	12.833	21.342	5.05			
1004	2	0	15.782	21.332	5.587			
1005	2	0	14.709	20.087	3.083			
1006	1	0	12.852	22.003	5.787			
1007	1	0	15.516	22.002	6.265			
1008	1	0	13.849	20.055	2.593			
1009	6	0	6.016	9.286	9.002			
1010	2	0	6.896	7.187	9.163			
1011	2	0	3.917	8.396	8.915			
1012	1	0	7.867	7.337	9.283			
1013	1	0	3.317	9.183	8.903			
1014	6	0	13.343	18.41	8.443			
1015	2	0	14.322	18.361	10.503			
1016	2	0	14.244	20.472	8.067			
1017	1	0	14.103	17.462	10.856			
1018	1	0	13.984	20.687	7.137			
1019	6	0	-0.011	15.052	3.706			
1020	2	0	1.258	13.34	4.519			
1021	2	0	0.785	16.418	5.35			
1022	1	0	1.112	12.6	3.877			
1023	1	0	0.387	17.302	5.148			
1024	6	0	6.424	3.872	6.78			
1025	2	0	5.848	5.979	6.124			
1026	2	0	6.81	4.638	8.894			
1027	1	0	5.561	5.872	5.183			
1028	1	0	7.031	3.825	9.413			
1029	6	0	19.789	16.429	0.164			
1030	2	0	20.476	14.402	0.954			
1031	2	0	17.802	16.177	1.255			
1032	1	0	21.41	14.319	0.635			
1033	1	0	17.324	17.029	1.095			
1034	6	0	8.336	20.437	8.997			
1035	2	0	9.907	22.044	8.608			
1036	2	0	6.941	21.442	7.498			
1037	1	0	10.687	21.759	9.146			
1038	1	0	6.156	20.84	7.451			
