#	LAMMPS	data	file	written	by	OVITO	Basic	3.6.0
1145	atoms							
6	atom	types						
0.0	22.0	xlo	xhi					
0.0	22.0	ylo	yhi					
0.0	22.0	zlo	zhi					
								
Masses								
								
1	1.0079400	#	H					
2	15.9994000	#	O					
3	26.9815380	#	Al					
4	28.0855000	#	Si					
5	39.0983000	#	K					
6	40.0780000	#	Ca					
								
Atoms	#	charge						
								
1	5	0	-0.001	16.319	14.097			
2	2	0	2.06	17.367	14.626			
3	1	0	2.281	17.028	15.528			
4	5	0	11.144	11.334	3.411			
5	2	0	8.931	11.409	4.262			
6	1	0	8.378	11.661	3.482			
7	5	0	10.272	8.142	7.83			
8	2	0	9.418	7.546	9.96			
9	1	0	8.444	7.704	9.886			
10	5	0	10.726	2.386	9.51			
11	2	0	9.216	0.678	8.859			
12	1	0	9.5	0.438	7.942			
13	5	0	14.35	7.207	17.423			
14	2	0	14.837	6.655	15.168			
15	1	0	15.65	7.179	14.959			
16	5	0	11.265	9.409	21.01			
17	2	0	13.612	9.243	20.717			
18	1	0	13.784	8.27	20.665			
19	5	0	2.066	9.848	18.453			
20	2	0	2.011	12.104	17.726			
21	1	0	2.547	12.591	18.399			
22	5	0	2.931	21.865	14.985			
23	2	0	0.562	21.961	15.048			
24	1	0	0.271	21.174	14.526			
25	5	0	18.365	3.458	3.25			
26	2	0	16.043	2.984	3.324			
27	1	0	15.665	3.703	3.888			
28	5	0	21.726	15.613	14.006			
29	2	0	20.131	14.067	14.837			
30	1	0	19.852	13.553	14.04			
31	5	0	6.5	7.606	3.75			
32	2	0	7.583	6.01	2.37			
33	1	0	6.896	5.756	1.705			
34	5	0	12.533	10.432	13.185			
35	2	0	11.14	8.884	14.32			
36	1	0	11.647	8.035	14.296			
37	5	0	1.649	14.239	7.061			
38	2	0	0.554	16.301	6.643			
39	1	0	0	16.126	5.843			
40	5	0	17.666	8.132	7.941			
41	2	0	15.948	9.723	8.314			
42	1	0	16.181	10.135	9.182			
43	5	0	12.66	18.273	9.78			
44	2	0	13.622	16.194	10.392			
45	1	0	13.738	16.258	11.372			
46	5	0	10.226	10.86	16.901			
47	2	0	10.501	12.685	18.39			
48	1	0	9.684	13.227	18.265			
49	5	0	15.861	10.636	17.754			
50	2	0	14.157	11.146	16.186			
51	1	0	14.178	10.39	15.548			
52	5	0	19.027	19.873	15.598			
53	2	0	17.588	18.075	15.031			
54	1	0	17.802	17.881	14.085			
55	5	0	13.853	7.188	7.418			
56	2	0	14.2	4.842	7.401			
57	1	0	13.941	4.55	8.309			
58	5	0	-0.001	11.615	22.004			
59	2	0	1.044	12.052	19.921			
60	1	0	0.705	11.341	19.323			
61	5	0	18.797	10.76	19.934			
62	2	0	20.221	9.654	21.474			
63	1	0	20.729	9.011	20.919			
64	5	0	21.834	17.405	7.262			
65	2	0	20.858	17.823	5.141			
66	1	0	20.079	18.398	5.34			
67	5	0	5.091	17.813	9.083			
68	2	0	6.096	15.666	9.156			
69	1	0	6.323	15.535	10.11			
70	5	0	15.33	2.94	17.56			
71	2	0	14.224	5.017	17.264			
72	1	0	13.938	5.009	16.317			
73	5	0	13.691	8.987	18.534			
74	2	0	12.388	10.941	18.202			
75	1	0	13.052	11.671	18.148			
76	5	0	14.004	21.322	16.325			
77	2	0	14.673	19.083	16.728			
78	1	0	15.392	18.92	16.068			
79	5	0	8.891	18.012	13.374			
80	2	0	9.586	19.848	14.704			
81	1	0	9.841	20.542	14.048			
82	5	0	2.45	0.448	5.645			
83	2	0	4.297	0.378	7.131			
84	1	0	4.51	1.329	7.302			
85	5	0	20.355	1.108	3.448			
86	2	0	21.021	3.378	3.601			
87	1	0	20.347	3.791	4.195			
88	5	0	6.617	4.427	12.776			
89	2	0	6.128	3.806	10.541			
90	1	0	6.012	2.825	10.579			
91	5	0	16.202	5.596	7.912			
92	2	0	17.545	6.001	6			
93	1	0	17.372	6.949	5.776			
94	5	0	12.214	5.079	2.063			
95	2	0	11.056	5.69	4.04			
96	1	0	10.957	6.672	3.972			
97	5	0	7.159	17.582	3.938			
98	2	0	6.176	19.739	3.991			
99	1	0	5.346	19.643	3.462			
100	5	0	20.987	3.551	6.842			
101	2	0	21.999	4.984	8.437			
102	1	0	22.002	5.872	8			
103	5	0	4.084	3.238	5.564			
104	2	0	5.821	3.748	7.096			
105	1	0	6.375	2.929	7.118			
106	5	0	6.499	10.192	19.401			
107	2	0	5.11	10.898	21.188			
108	1	0	4.297	10.342	21.101			
109	5	0	4.494	13.91	-0.001			
110	2	0	5.206	14.376	2.212			
111	1	0	4.659	15.153	2.487			
112	5	0	7.935	21.35	9.225			
113	2	0	5.812	21.893	10.13			
114	1	0	5.98	22.004	11.099			
115	5	0	8.645	0.687	16.927			
116	2	0	8.253	2.981	17.376			
117	1	0	8.328	3.42	16.493			
118	5	0	17.258	21.334	10.89			
119	2	0	17.553	19.088	10.189			
120	1	0	17.97	19.163	9.295			
121	4	0	4.096	8.64	13.956			
122	2	0	3.051	8.112	15.087			
123	2	0	4.624	7.377	13.077			
124	2	0	3.348	9.714	12.988			
125	2	0	5.367	9.361	14.675			
126	1	0	3.355	7.317	15.548			
127	1	0	5.483	7.535	12.659			
128	1	0	2.464	9.43	12.712			
129	1	0	5.194	10.282	14.919			
130	4	0	16.758	1.33	4.768			
131	2	0	17.116	0.284	5.962			
132	2	0	17.386	0.787	3.369			
133	2	0	15.141	1.465	4.634			
134	2	0	17.391	2.791	5.107			
135	1	0	18.037	-0.013	5.949			
136	1	0	17.54	1.49	2.72			
137	1	0	14.682	0.613	4.663			
138	1	0	16.84	3.315	5.706			
139	4	0	3.525	16.832	20.722			
140	2	0	3.814	18.081	19.72			
141	2	0	4.825	16.587	21.669			
142	2	0	2.225	17.168	21.644			
143	2	0	3.234	15.485	19.855			
144	1	0	4.69	18.048	19.309			
145	1	0	4.885	15.683	22.01			
146	1	0	2.235	18.066	22.005			
147	1	0	2.319	15.424	19.543			
148	4	0	4.019	18.283	16.584			
149	2	0	3.092	19.092	15.519			
150	2	0	5.053	19.318	17.296			
151	2	0	3.069	17.589	17.71			
152	2	0	4.867	17.128	15.811			
153	1	0	3.594	19.706	14.963			
154	1	0	5.848	18.888	17.641			
155	1	0	2.378	18.179	18.044			
156	1	0	4.359	16.316	15.665			
157	4	0	4.613	12.785	14.809			
158	2	0	3.793	11.673	13.948			
159	2	0	4.653	12.336	16.372			
160	2	0	6.13	12.906	14.23			
161	2	0	3.876	14.231	14.686			
162	1	0	2.971	11.39	14.373			
163	1	0	4.781	13.078	16.98			
164	1	0	6.544	12.047	14.059			
165	1	0	4.11	14.71	13.878			
166	4	0	10.903	16.007	9.381			
167	2	0	10.458	17.448	9.993			
168	2	0	9.767	15.49	8.337			
169	2	0	12.33	16.163	8.613			
170	2	0	11.057	14.921	10.583			
171	1	0	9.529	17.479	10.261			
172	1	0	9.763	14.529	8.221			
173	1	0	12.376	16.947	8.046			
174	1	0	11.912	14.972	11.036			
175	4	0	9.217	14.659	4.379			
176	2	0	9.773	16.185	4.273			
177	2	0	7.619	14.687	4.684			
178	2	0	9.499	13.883	2.976			
179	2	0	9.978	13.878	5.587			
180	1	0	9.442	16.763	4.976			
181	1	0	7.297	13.881	5.113			
182	1	0	9.275	14.41	2.195			
183	1	0	10.842	13.526	5.327			
184	4	0	20.724	13.399	4.893			
185	2	0	19.447	13.849	3.991			
186	2	0	21.081	14.582	5.952			
187	2	0	20.364	12.028	5.695			
188	2	0	22.012	13.136	3.933			
189	1	0	19.506	14.76	3.67			
190	1	0	22.002	14.563	6.25			
191	1	0	19.485	12.043	6.102			
192	1	0	22.011	12.256	3.528			
193	4	0	5.627	1.1	15.421			
194	2	0	6.104	2.517	16.064			
195	2	0	6.738	0.594	14.346			
196	2	0	5.461	-0.003	16.607			
197	2	0	4.199	1.292	14.664			
198	1	0	6.436	3.145	15.405			
199	1	0	6.378	-0.009	13.679			
200	1	0	6.195	0.002	17.239			
201	1	0	3.441	1.254	15.266			
202	4	0	19.332	4.953	12.128			
203	2	0	18.76	6.379	12.665			
204	2	0	19.221	4.903	10.505			
205	2	0	20.888	4.79	12.581			
206	2	0	18.459	3.735	12.762			
207	1	0	17.927	6.64	12.246			
208	1	0	19.186	4.002	10.152			
209	1	0	21.414	5.59	12.438			
210	1	0	18.739	3.49	13.656			
211	4	0	12.223	8.954	1.18			
212	2	0	11.817	8.634	2.723			
213	2	0	12.26	10.566	0.955			
214	2	0	13.688	8.318	0.863			
215	2	0	11.125	8.299	0.173			
216	1	0	11.074	9.166	3.042			
217	1	0	12.127	10.826	0.032			
218	1	0	14.337	8.485	1.563			
219	1	0	11.281	7.359	0			
220	4	0	21.116	1.745	9.652			
221	2	0	19.564	1.26	9.579			
222	2	0	21.201	3.167	10.439			
223	2	0	21.997	0.624	10.438			
224	2	0	21.706	1.932	8.146			
225	1	0	18.952	1.968	9.33			
226	1	0	21.987	3.684	10.211			
227	1	0	21.569	0.298	11.243			
228	1	0	22.004	1.1	7.748			
229	4	0	5.035	14.191	6.958			
230	2	0	6.355	13.745	7.8			
231	2	0	5.14	13.608	5.442			
232	2	0	3.704	13.602	7.687			
233	2	0	4.941	15.815	6.901			
234	1	0	7.181	13.865	7.31			
235	1	0	4.617	14.112	4.802			
236	1	0	3.795	12.677	7.96			
237	1	0	4.542	16.201	7.694			
238	4	0	8.36	6.984	12.631			
239	2	0	8.459	5.946	11.382			
240	2	0	7.474	6.314	13.82			
241	2	0	9.857	7.318	13.177			
242	2	0	7.646	8.364	12.146			
243	1	0	7.612	5.534	11.157			
244	1	0	7.069	6.967	14.409			
245	1	0	10.416	6.532	13.264			
246	1	0	8.258	8.976	11.71			
247	4	0	9.946	10.405	7.868			
248	2	0	9.453	11.957	7.862			
249	2	0	11.557	10.352	8.091			
250	2	0	9.194	9.604	9.07			
251	2	0	9.579	9.705	6.446			
252	1	0	10.017	12.536	7.329			
253	1	0	11.963	9.542	7.749			
254	1	0	9.178	10.094	9.905			
255	1	0	8.662	9.394	6.399			
256	4	0	19.049	12.217	8.794			
257	2	0	18.031	12.81	7.671			
258	2	0	18.445	12.506	10.277			
259	2	0	19.226	10.614	8.571			
260	2	0	20.501	12.94	8.658			
261	1	0	17.708	13.699	7.878			
262	1	0	19.122	12.527	10.968			
263	1	0	18.388	10.156	8.41			
264	1	0	21.06	12.548	7.971			
265	4	0	5.372	16.556	12.004			
266	2	0	4.937	17.273	13.399			
267	2	0	4.212	16.798	10.889			
268	2	0	6.779	17.19	11.485			
269	2	0	5.559	14.957	12.241			
270	1	0	4.015	17.11	13.643			
271	1	0	4.208	16.129	10.189			
272	1	0	6.808	18.156	11.544			
273	1	0	6.425	14.725	12.608			
274	4	0	1.537	11.314	10.612			
275	2	0	2.393	10.569	9.445			
276	2	0	0.781	10.197	11.522			
277	2	0	2.543	12.195	11.54			
278	2	0	0.428	12.297	9.94			
279	1	0	1.902	9.861	9.003			
280	1	0	-0.004	10.54	11.974			
281	1	0	3.353	11.723	11.782			
282	1	0	0.789	13.157	9.681			
283	4	0	1.458	15.821	3.664			
284	2	0	2.28	16.102	5.04			
285	2	0	0.528	14.499	3.852			
286	2	0	0.524	17.11	3.32			
287	2	0	2.5	15.571	2.44			
288	1	0	2.675	15.304	5.42			
289	1	0	0.308	14.064	3.015			
290	1	0	0.047	17.453	4.089			
291	1	0	2.834	16.393	2.05			
292	4	0	8.51	7.704	1.123			
293	2	0	8.646	6.225	0.457			
294	2	0	8.993	8.826	0.049			
295	2	0	6.958	7.968	1.539			
296	2	0	9.444	7.799	2.452			
297	1	0	9.483	6.092	-0.012			
298	1	0	9.288	9.65	0.463			
299	1	0	6.328	7.703	0.853			
300	1	0	9.024	7.425	3.241			
301	4	0	20.439	12.805	20.616			
302	2	0	19.338	13.396	19.573			
303	2	0	21.121	14.034	21.435			
304	2	0	19.708	11.786	21.654			
305	2	0	21.595	12	19.799			
306	1	0	19.653	14.168	19.08			
307	1	0	22	13.821	21.781			
308	1	0	18.871	12.128	22			
309	1	0	21.343	11.092	19.579			
310	4	0	5.179	20.195	7.675			
311	2	0	6.341	19.564	8.625			
312	2	0	4.869	21.722	8.143			
313	2	0	5.68	20.182	6.126			
314	2	0	3.819	19.309	7.806			
315	1	0	6.206	19.745	9.566			
316	1	0	3.983	22.025	7.897			
317	1	0	6.592	20.488	6.017			
318	1	0	3.824	18.52	7.245			
319	4	0	8.007	20.894	16.41			
320	2	0	7.132	20.872	15.038			
321	2	0	9.19	22.004	16.278			
322	2	0	7.037	21.265	17.664			
323	2	0	8.674	19.43	16.662			
324	1	0	7.676	20.882	14.237			
325	1	0	9.944	21.83	16.86			
326	1	0	6.438	22.002	17.479			
327	1	0	8.067	18.803	17.081			
328	4	0	18.765	7.797	19.618			
329	2	0	19.1	6.328	20.235			
330	2	0	20.096	8.396	18.898			
331	2	0	17.56	7.665	18.531			
332	2	0	18.304	8.804	20.811			
333	1	0	19.942	6.296	20.711			
334	1	0	20.098	9.362	18.841			
335	1	0	17.671	6.917	17.927			
336	1	0	17.369	8.71	21.048			
337	4	0	14.54	4.312	1.277			
338	2	0	13.572	3.352	2.166			
339	2	0	15.45	3.393	0.288			
340	2	0	13.628	5.334	0.398			
341	2	0	15.516	5.17	2.257			
342	1	0	14.03	2.582	2.534			
343	1	0	16.272	3.826	0.014			
344	1	0	12.874	4.903	-0.03			
345	1	0	15.091	5.963	2.617			
346	4	0	1.331	10.181	5.368			
347	2	0	2.535	9.769	4.353			
348	2	0	0.89	8.879	6.239			
349	2	0	1.843	11.364	6.363			
350	2	0	0.05	10.713	4.517			
351	1	0	2.379	8.931	3.894			
352	1	0	-0.016	8.932	6.575			
353	1	0	2.727	11.204	6.724			
354	1	0	0.125	11.643	4.257			
355	4	0	17.098	9.735	5.769			
356	2	0	15.79	8.782	5.945			
357	2	0	18.444	8.854	6.014			
358	2	0	17.112	10.361	4.267			
359	2	0	17.048	10.947	6.855			
360	1	0	15.837	8.208	6.723			
361	1	0	19.205	9.386	6.288			
362	1	0	16.911	9.71	3.579			
363	1	0	16.492	11.688	6.572			
364	4	0	20.129	17.376	12.322			
365	2	0	21.248	18.495	12.706			
366	2	0	19.751	16.514	13.649			
367	2	0	18.799	18.118	11.746			
368	2	0	20.72	16.374	11.184			
369	1	0	21.964	18.147	13.256			
370	1	0	19.399	15.635	13.446			
371	1	0	18.532	18.887	12.27			
372	1	0	20.645	16.731	10.287			
373	4	0	6.063	7.348	8.504			
374	2	0	7.23	8.318	7.914			
375	2	0	4.699	7.56	7.643			
376	2	0	6.547	5.797	8.401			
377	2	0	5.775	7.718	10.062			
378	1	0	6.925	9.22	7.737			
379	1	0	3.898	7.321	8.131			
380	1	0	6.952	5.578	7.549			
381	1	0	6.402	7.305	10.674			
382	4	0	11.854	16.355	3.197			
383	2	0	12.288	17.156	4.546			
384	2	0	10.619	17.135	2.48			
385	2	0	13.124	16.28	2.181			
386	2	0	11.383	14.845	3.579			
387	1	0	11.534	17.432	5.086			
388	1	0	10.08	16.562	1.916			
389	1	0	13.596	17.121	2.095			
390	1	0	12.124	14.23	3.684			
391	4	0	10.3	15.947	14.588			
392	2	0	9.058	15.23	13.817			
393	2	0	9.786	17.334	15.265			
394	2	0	10.871	14.947	15.739			
395	2	0	11.489	16.278	13.527			
396	1	0	8.533	15.844	13.283			
397	1	0	10.497	17.975	15.41			
398	1	0	10.172	14.529	16.263			
399	1	0	12.062	15.518	13.348			
400	4	0	1.627	17.944	9.38			
401	2	0	2.701	17.1	8.495			
402	2	0	0.841	16.932	10.383			
403	2	0	2.413	19.08	10.244			
404	2	0	0.55	18.668	8.397			
405	1	0	2.339	16.277	8.137			
406	1	0	-0.026	17.264	10.657			
407	1	0	3.215	18.747	10.672			
408	1	0	0.874	19.502	8.027			
409	4	0	1.508	6.327	17.882			
410	2	0	0.271	6.564	18.913			
411	2	0	1.234	4.98	17.01			
412	2	0	1.638	7.611	16.89			
413	2	0	2.894	6.151	18.716			
414	1	0	-0.004	5.757	19.373			
415	1	0	2.044	4.578	16.664			
416	1	0	0.787	7.912	16.539			
417	1	0	3.294	6.995	18.973			
418	4	0	20.015	21.105	10.621			
419	2	0	21.39	21.8	10.097			
420	2	0	19.469	21.906	11.928			
421	2	0	18.9	21.152	9.436			
422	2	0	20.302	19.555	11.027			
423	1	0	22.011	22.008	10.81			
424	1	0	18.901	21.367	12.497			
425	1	0	18.85	22.01	8.992			
426	1	0	20.294	18.955	10.267			
427	4	0	14.024	12.936	10.807			
428	2	0	13.427	11.569	11.457			
429	2	0	12.955	13.536	9.737			
430	2	0	14.294	14.024	11.988			
431	2	0	15.424	12.617	10.041			
432	1	0	13.037	10.971	10.803			
433	1	0	13.362	14.102	9.066			
434	1	0	13.567	14.086	12.624			
435	1	0	16.187	12.59	10.638			
436	4	0	10.93	7.351	17.009			
437	2	0	9.799	6.3	17.523			
438	2	0	11.915	6.608	15.948			
439	2	0	10.203	8.62	16.293			
440	2	0	11.808	7.88	18.274			
441	1	0	10.16	5.431	17.752			
442	1	0	12.789	7.02	15.885			
443	1	0	9.493	8.362	15.687			
444	1	0	11.381	8.603	18.757			
445	4	0	1.134	15.041	16.509			
446	2	0	1.494	14.797	14.941			
447	2	0	0.563	13.659	17.153			
448	2	0	2.474	15.509	17.305			
449	2	0	-0.001	16.2	16.641			
450	1	0	0.809	14.307	14.462			
451	1	0	0.003	13.802	17.929			
452	1	0	3.256	14.984	17.08			
453	1	0	0.364	17.096	16.605			
454	4	0	9.474	4.55	8.586			
455	2	0	8.29	3.502	8.2			
456	2	0	9.907	4.326	10.139			
457	2	0	10.756	4.299	7.614			
458	2	0	8.945	6.076	8.393			
459	1	0	7.597	3.442	8.873			
460	1	0	10.311	5.11	10.539			
461	1	0	10.976	3.362	7.504			
462	1	0	8.997	6.384	7.476			
463	4	0	13.331	1.484	9.206			
464	2	0	12.505	1.574	7.806			
465	2	0	13.113	0.012	9.866			
466	2	0	14.914	1.732	8.917			
467	2	0	12.79	2.619	10.239			
468	1	0	11.607	1.218	7.867			
469	1	0	13.248	0	10.825			
470	1	0	15.243	1.246	8.147			
471	1	0	13.181	3.491	10.086			
472	4	0	14.925	15.458	17.314			
473	2	0	14.41	16.547	18.408			
474	2	0	15.848	16.206	16.201			
475	2	0	15.793	14.304	18.067			
476	2	0	13.648	14.771	16.575			
477	1	0	14.086	17.368	18.009			
478	1	0	15.881	15.737	15.355			
479	1	0	16.425	14.659	18.709			
480	1	0	13.257	14.047	17.086			
481	4	0	13.031	18.764	15.04			
482	2	0	14.084	19.929	14.615			
483	2	0	13.852	17.442	15.516			
484	2	0	12.093	19.301	16.258			
485	2	0	12.09	18.38	13.769			
486	1	0	14.81	19.606	14.061			
487	1	0	13.342	16.623	15.429			
488	1	0	12.591	19.758	16.951			
489	1	0	11.344	18.986	13.65			
490	4	0	10.375	11.889	14.213			
491	2	0	10.265	13.265	13.351			
492	2	0	11.776	11.882	15.042			
493	2	0	9.12	11.797	15.246			
494	2	0	10.341	10.607	13.211			
495	1	0	11.083	13.493	12.886			
496	1	0	12.081	10.992	15.268			
497	1	0	8.945	12.628	15.711			
498	1	0	9.443	10.351	12.951			
499	4	0	10.693	20.237	5.585			
500	2	0	11.012	18.976	6.563			
501	2	0	12.036	20.627	4.753			
502	2	0	9.501	19.832	4.552			
503	2	0	10.223	21.517	6.472			
504	1	0	11.848	19.064	7.043			
505	1	0	12.044	21.547	4.45			
506	1	0	9.615	18.954	4.162			
507	1	0	9.285	21.49	6.713			
508	4	0	9.208	20.952	1.78			
509	2	0	9.547	19.376	2.004			
510	2	0	8.13	21.106	0.57			
511	2	0	8.591	21.573	3.152			
512	2	0	10.567	21.758	1.39			
513	1	0	9.701	18.896	1.178			
514	1	0	8.158	21.973	0.141			
515	1	0	7.924	21.005	3.564			
516	1	0	11.1	22.001	2.161			
517	4	0	15.434	5.598	12.756			
518	2	0	16.042	4.904	11.415			
519	2	0	13.996	4.923	13.108			
520	2	0	16.467	5.377	13.995			
521	2	0	15.229	7.193	12.506			
522	1	0	15.39	4.801	10.707			
523	1	0	13.422	5.498	13.634			
524	1	0	16.811	4.474	14.05			
525	1	0	16.041	7.706	12.632			
526	4	0	9.763	3.114	2.333			
527	2	0	11.37	2.885	2.45			
528	2	0	9.107	3.102	3.822			
529	2	0	9.472	4.545	1.613			
530	2	0	9.098	1.923	1.446			
531	1	0	11.612	2.173	3.06			
532	1	0	8.168	2.865	3.824			
533	1	0	10.025	5.264	1.953			
534	1	0	9.17	2.073	0.492			
535	4	0	13.626	13.873	6.24			
536	2	0	14.643	13.061	7.219			
537	2	0	14.445	15.044	5.463			
538	2	0	12.977	12.842	5.16			
539	2	0	12.435	14.547	7.121			
540	1	0	15.226	13.64	7.73			
541	1	0	13.881	15.774	5.168			
542	1	0	13.626	12.241	4.767			
543	1	0	11.717	13.93	7.325			
544	4	0	16.97	14.904	5.426			
545	2	0	16.578	15.896	4.197			
546	2	0	18.577	14.963	5.676			
547	2	0	16.183	15.373	6.772			
548	2	0	16.543	13.377	5.06			
549	1	0	17.172	15.817	3.436			
550	1	0	18.926	14.17	6.108			
551	1	0	16.208	16.331	6.915			
552	1	0	15.608	13.191	5.232			
553	4	0	9.988	21.082	11.674			
554	2	0	9.873	19.516	12.103			
555	2	0	10.029	21.194	10.051			
556	2	0	8.703	21.897	12.253			
557	2	0	11.351	21.723	12.289			
558	1	0	10.473	18.938	11.61			
559	1	0	10.453	22.005	9.735			
560	1	0	7.863	21.434	12.116			
561	1	0	11.258	22.002	13.212			
562	4	0	16.002	2.001	11.799			
563	2	0	14.926	3.165	12.167			
564	2	0	15.273	0.856	10.902			
565	2	0	17.239	2.653	10.964			
566	2	0	16.574	1.326	13.165			
567	1	0	14.071	2.818	12.46			
568	1	0	15.709	-0.007	10.955			
569	1	0	16.952	3.263	10.269			
570	1	0	17.292	1.836	13.57			
571	4	0	6.854	14.873	18.891			
572	2	0	8.193	15.638	19.414			
573	2	0	5.888	14.549	20.16			
574	2	0	6.07	15.823	17.827			
575	2	0	7.266	13.478	18.162			
576	1	0	8.58	15.235	20.205			
577	1	0	5.287	13.806	20.002			
578	1	0	6	16.745	18.116			
579	1	0	7.537	13.596	17.24			
580	4	0	16.076	11.477	1.152			
581	2	0	15.768	12.398	2.459			
582	2	0	16.016	9.906	1.573			
583	2	0	14.967	11.784	0			
584	2	0	17.559	11.819	0.575			
585	1	0	16.242	12.108	3.252			
586	1	0	16.528	9.333	0.985			
587	1	0	14.062	11.825	0.342			
588	1	0	17.574	12.601	0.004			
589	4	0	15.801	16.398	9.588			
590	2	0	15.51	15.072	10.486			
591	2	0	17.245	16.246	8.854			
592	2	0	14.627	16.564	8.472			
593	2	0	15.823	17.716	10.542			
594	1	0	16.273	14.79	11.011			
595	1	0	17.645	17.096	8.618			
596	1	0	14.405	15.734	8.024			
597	1	0	14.939	18.063	10.734			
598	4	0	4.234	1.396	0.877			
599	2	0	3.77	1.53	2.432			
600	2	0	5.545	0.437	0.786			
601	2	0	3.018	0.756	0.004			
602	2	0	4.604	2.866	0.284			
603	1	0	4.507	1.688	3.039			
604	1	0	6.082	0.599	-0.003			
605	1	0	2.596	-0.002	0.434			
606	1	0	3.827	3.365	-0.009			
607	4	0	1.82	1.446	11.39			
608	2	0	1.641	0.414	12.635			
609	2	0	3.374	1.449	10.91			
610	2	0	0.861	0.98	10.159			
611	2	0	1.402	2.949	11.855			
612	1	0	2.336	0.497	13.304			
613	1	0	3.633	2.263	10.454			
614	1	0	0.896	0.028	9.987			
615	1	0	0.446	3.105	11.824			
616	4	0	7.432	6.843	19.863			
617	2	0	8.359	5.73	19.12			
618	2	0	5.892	6.32	19.907			
619	2	0	7.98	7.076	21.379			
620	2	0	7.497	8.249	19.047			
621	1	0	7.961	5.381	18.309			
622	1	0	5.247	7.038	19.984			
623	1	0	8.185	6.252	21.843			
624	1	0	8.277	8.78	19.264			
625	4	0	6.195	9.87	4.409			
626	2	0	6.152	11.496	4.471			
627	2	0	5.589	9.262	5.792			
628	2	0	5.31	9.354	3.143			
629	2	0	7.731	9.365	4.231			
630	1	0	6.463	11.855	5.314			
631	1	0	5.907	8.368	5.987			
632	1	0	4.456	9.804	3.065			
633	1	0	8.036	9.389	3.311			
634	4	0	11.778	2.726	13.851			
635	2	0	13.187	2.47	14.625			
636	2	0	11.898	4.071	12.943			
637	2	0	11.442	1.446	12.903			
638	2	0	10.581	2.919	14.937			
639	1	0	13.557	3.271	15.024			
640	1	0	11.043	4.485	12.759			
641	1	0	12.205	1.135	12.395			
642	1	0	10.227	2.079	15.266			
643	4	0	13.369	5.762	4.97			
644	2	0	12.517	5.799	6.356			
645	2	0	13.105	7.135	4.138			
646	2	0	14.955	5.62	5.314			
647	2	0	12.9	4.491	4.068			
648	1	0	11.606	6.105	6.238			
649	1	0	13.261	7.041	3.187			
650	1	0	15.246	6.206	6.027			
651	1	0	13.325	3.661	4.33			
652	4	0	1.324	6.662	10.036			
653	2	0	2.647	5.856	10.536			
654	2	0	1.434	6.94	8.437			
655	2	0	-0.002	5.772	10.353			
656	2	0	1.215	8.084	10.82			
657	1	0	3.472	6.218	10.181			
658	1	0	0.906	7.697	8.144			
659	1	0	0.097	4.839	10.114			
660	1	0	0.814	8.005	11.698			
661	4	0	16.514	12.641	14.358			
662	2	0	15.956	11.651	13.193			
663	2	0	15.36	12.85	15.486			
664	2	0	17.84	11.984	15.037			
665	2	0	16.9	14.086	13.715			
666	1	0	15.056	11.864	12.906			
667	1	0	15.46	13.672	15.987			
668	1	0	17.743	11.041	15.231			
669	1	0	17.779	14.099	13.308			
670	4	0	20.504	6.512	6.298			
671	2	0	19.439	6.668	5.078			
672	2	0	20.697	7.951	7.033			
673	2	0	19.946	5.416	7.366			
674	2	0	21.939	6.012	5.717			
675	1	0	19.593	7.453	4.532			
676	1	0	21.543	8.033	7.496			
677	1	0	19.007	5.529	7.575			
678	1	0	21.982	5.053	5.582			
679	4	0	7.044	17.177	1.281			
680	2	0	5.755	16.579	0.488			
681	2	0	6.621	18.553	2.039			
682	2	0	7.565	16.083	2.369			
683	2	0	8.242	17.495	0.225			
684	1	0	5.263	17.251	-0.005			
685	1	0	7.371	19.142	2.21			
686	1	0	6.848	15.68	2.878			
687	1	0	8.767	16.713	-0.002			
688	4	0	7.546	17.575	7.185			
689	2	0	7.959	17.767	8.747			
690	2	0	6.052	18.175	6.944			
691	2	0	8.616	18.361	6.242			
692	2	0	7.555	15.993	6.803			
693	1	0	7.253	17.523	9.363			
694	1	0	5.603	17.785	6.18			
695	1	0	8.83	19.249	6.564			
696	1	0	8.439	15.658	6.591			
697	4	0	17.696	4.235	20.433			
698	2	0	18.185	4.172	18.882			
699	2	0	16.862	5.61	20.68			
700	2	0	16.751	2.949	20.755			
701	2	0	18.99	4.21	21.42			
702	1	0	18.557	5.007	18.563			
703	1	0	16.861	5.895	21.605			
704	1	0	16.095	2.774	20.064			
705	1	0	19.328	3.317	21.582			
706	4	0	10.928	1.302	19.466			
707	2	0	12.227	0.741	18.662			
708	2	0	10.074	0.047	20.053			
709	2	0	11.42	2.256	20.69			
710	2	0	9.985	2.165	18.458			
711	1	0	12.023	0	18.073			
712	1	0	9.142	0.258	20.208			
713	1	0	12.158	1.883	21.193			
714	1	0	10.286	3.078	18.344			
715	4	0	20.962	16.825	17.454			
716	2	0	21.851	16.582	18.796			
717	2	0	21.501	18.153	16.683			
718	2	0	21.092	15.528	16.478			
719	2	0	19.4	17.037	17.858			
720	1	0	22	17.39	19.308			
721	1	0	20.831	18.564	16.117			
722	1	0	22.001	15.207	16.387			
723	1	0	18.926	16.204	17.999			
724	4	0	20.771	1.588	13.747			
725	2	0	20.66	2.732	14.899			
726	2	0	19.369	1.514	12.923			
727	2	0	21.989	1.958	12.732			
728	2	0	21.065	0.141	14.432			
729	1	0	19.829	2.697	15.395			
730	1	0	19.221	0.657	12.498			
731	1	0	21.999	2.89	12.47			
732	1	0	22.001	0	14.637			
733	4	0	7.585	1.281	5.653			
734	2	0	8.222	-0.008	4.89			
735	2	0	6.404	1.921	4.736			
736	2	0	6.979	0.813	7.09			
737	2	0	8.74	2.402	5.897			
738	1	0	8.394	0.149	3.95			
739	1	0	6.239	2.857	4.924			
740	1	0	6.462	-0.004	7.039			
741	1	0	9.28	2.227	6.682			
742	4	0	2.179	6.241	3.939			
743	2	0	3.203	7.078	2.991			
744	2	0	2.891	4.857	4.413			
745	2	0	1.794	7.138	5.242			
746	2	0	0.824	5.889	3.11			
747	1	0	3.645	6.53	2.326			
748	1	0	2.259	4.164	4.651			
749	1	0	2.558	7.573	5.647			
750	1	0	0.186	6.618	3.096			
751	4	0	16.797	20.61	6.495			
752	2	0	16.2	19.136	6.84			
753	2	0	18.414	20.596	6.685			
754	2	0	16.424	20.999	4.959			
755	2	0	16.151	21.716	7.5			
756	1	0	16.572	18.752	7.648			
757	1	0	18.786	21.473	6.86			
758	1	0	16.574	20.274	4.334			
759	1	0	15.278	22.024	7.216			
760	4	0	18.166	6.498	2.238			
761	2	0	17.605	5.516	3.409			
762	2	0	18.319	8.008	2.827			
763	2	0	19.613	5.956	1.725			
764	2	0	17.126	6.515	0.987			
765	1	0	16.87	5.898	3.91			
766	1	0	18.286	8.69	2.142			
767	1	0	20.205	5.703	2.448			
768	1	0	17.24	5.764	0.387			
769	4	0	3.203	4.799	13.116			
770	2	0	2.267	3.917	14.112			
771	2	0	3.286	4.068	11.665			
772	2	0	2.563	6.287	12.949			
773	2	0	4.702	4.927	13.737			
774	1	0	2.459	2.968	14.078			
775	1	0	4.078	4.307	11.161			
776	1	0	1.605	6.277	12.807			
777	1	0	4.781	5.627	14.401			
778	4	0	2.99	18.798	4.336			
779	2	0	3.807	20.05	4.98			
780	2	0	2.617	19.136	2.789			
781	2	0	3.913	17.458	4.403			
782	2	0	1.618	18.546	5.174			
783	1	0	3.416	20.91	4.772			
784	1	0	1.851	18.642	2.464			
785	1	0	4.829	17.611	4.129			
786	1	0	1.753	18.021	5.977			
787	4	0	1.749	2.687	20.699			
788	2	0	1.176	3.767	19.624			
789	2	0	2.938	3.373	21.573			
790	2	0	0.542	2.211	21.683			
791	2	0	2.343	1.39	19.914			
792	1	0	1.874	4.254	19.162			
793	1	0	3.555	2.729	21.95			
794	1	0	-0.003	2.945	22.002			
795	1	0	1.66	0.751	19.663			
796	4	0	7.066	2.712	19.819			
797	2	0	5.929	3.416	18.891			
798	2	0	8.233	3.794	20.157			
799	2	0	6.386	2.182	21.2			
800	2	0	7.721	1.45	19.026			
801	1	0	6.298	3.946	18.17			
802	1	0	9.084	3.384	20.371			
803	1	0	5.786	2.827	21.602			
804	1	0	7.191	0.642	19.093			
805	4	0	1.922	10.352	1.154			
806	2	0	0.736	10.177	0.053			
807	2	0	1.301	10.987	2.518			
808	2	0	2.583	8.899	1.472			
809	2	0	3.07	11.349	0.575			
810	1	0	0.158	10.951	-0.014			
811	1	0	1.959	11.45	3.057			
812	1	0	1.926	8.199	1.598			
813	1	0	3.703	10.903	-0.008			
814	4	0	20.43	19.267	1.244			
815	2	0	19.098	20.126	0.874			
816	2	0	20.418	18.91	2.832			
817	2	0	20.449	17.895	0.368			
818	2	0	21.761	20.14	0.903			
819	1	0	18.908	20.831	1.509			
820	1	0	21.3	18.741	3.192			
821	1	0	19.593	17.444	0.345			
822	1	0	22.015	20.097	-0.03			
823	4	0	1.057	10.458	15.886			
824	2	0	2.609	10.016	16.097			
825	2	0	1.004	11.93	15.194			
826	2	0	0.311	9.371	14.93			
827	2	0	0.3	10.516	17.325			
828	1	0	3.163	10.722	16.46			
829	1	0	0.179	12.405	15.369			
830	1	0	0.836	9.118	14.157			
831	1	0	-0.007	9.649	17.629			
832	4	0	20.396	10.157	16.088			
833	2	0	20.777	8.591	16.318			
834	2	0	19.759	10.345	14.602			
835	2	0	19.317	10.622	17.215			
836	2	0	21.734	11.075	16.216			
837	1	0	21.232	8.193	15.562			
838	1	0	19.851	11.245	14.258			
839	1	0	18.604	9.98	17.349			
840	1	0	21.966	11.284	17.133			
841	3	0	21.252	14.328	10.191			
842	2	0	19.433	14.572	10.222			
843	2	0	22.015	15.54	9.044			
844	2	0	21.927	14.576	11.879			
845	1	0	19.167	14.58	9.267			
846	1	0	21.501	15.444	8.203			
847	1	0	21.29	14.101	12.469			
848	3	0	6.748	11.738	11.324			
849	2	0	5.971	10.577	12.514			
850	2	0	5.446	12.725	10.491			
851	2	0	7.885	12.861	12.224			
852	1	0	5.266	10.119	11.991			
853	1	0	4.799	12.055	10.157			
854	1	0	8.369	12.268	12.852			
855	3	0	13.889	9.123	3.62			
856	2	0	13.659	9.581	5.382			
857	2	0	14.051	10.644	2.607			
858	2	0	15.408	8.109	3.448			
859	1	0	12.925	10.246	5.373			
860	1	0	13.272	11.199	2.863			
861	1	0	15.367	7.477	4.209			
862	3	0	21.293	7.281	0.976			
863	2	0	19.741	7.31	-0.003			
864	2	0	20.934	7.759	2.71			
865	2	0	22.001	5.589	0.942			
866	1	0	19.342	8.196	0.19			
867	1	0	20.427	8.606	2.636			
868	1	0	21.908	5.303	-0.001			
869	3	0	16.083	16.364	1.552			
870	2	0	17.662	15.489	1.22			
871	2	0	15.057	15.366	2.699			
872	2	0	16.44	17.995	2.312			
873	1	0	17.389	14.572	0.964			
874	1	0	15.032	14.464	2.292			
875	1	0	17.197	18.351	1.783			
876	3	0	13.738	19.997	6.413			
877	2	0	14.421	18.423	5.761			
878	2	0	14.332	20.26	8.129			
879	2	0	14.295	21.387	5.354			
880	1	0	14.214	17.754	6.462			
881	1	0	14.123	19.414	8.598			
882	1	0	14.187	21.049	4.429			
883	3	0	4.526	10.031	9.34			
884	2	0	6.262	9.87	9.914			
885	2	0	4.49	10.113	7.508			
886	2	0	3.562	8.576	9.906			
887	1	0	6.747	10.595	9.444			
888	1	0	5.141	10.821	7.277			
889	1	0	3.85	8.441	10.844			
890	3	0	12.98	21.682	9.756			
891	2	0	12.591	20.228	10.805			
892	2	0	14.79	21.982	9.77			
893	2	0	12.427	21.357	8.037			
894	1	0	13.053	20.408	11.663			
895	1	0	15.033	22.001	10.729			
896	1	0	11.534	20.943	8.142			
897	3	0	7.303	5.725	5.293			
898	2	0	7.867	7.442	5.618			
899	2	0	8.364	4.546	6.215			
900	2	0	5.563	5.543	5.844			
901	1	0	8.843	7.419	5.447			
902	1	0	9.289	4.803	5.976			
903	1	0	5.117	6.367	5.525			
904	3	0	20.682	16.238	1.828			
905	2	0	19.029	16.589	2.546			
906	2	0	21.794	15.591	3.135			
907	2	0	20.512	14.988	0.495			
908	1	0	19.219	17.139	3.347			
909	1	0	21.719	16.245	3.873			
910	1	0	19.711	15.277	-0.011			
911	3	0	5.157	10.533	17.658			
912	2	0	4.827	8.994	18.601			
913	2	0	5.241	11.955	18.814			
914	2	0	6.755	10.371	16.771			
915	1	0	4.046	9.213	19.169			
916	1	0	4.413	11.888	19.352			
917	1	0	6.734	9.456	16.394			
918	3	0	1.155	19.729	12.041			
919	2	0	2.723	19.976	12.961			
920	2	0	0.34	18.19	12.619			
921	2	0	0.043	21.158	12.338			
922	1	0	3.197	19.11	12.883			
923	1	0	1.045	17.498	12.563			
924	1	0	0.636	21.948	12.268			
925	3	0	13.541	16.989	-0.099			
926	2	0	14.415	15.466	0.433			
927	2	0	11.824	16.969	0.547			
928	2	0	14.423	18.457	0.557			
929	1	0	13.804	14.728	0.183			
930	1	0	11.465	16.088	0.275			
931	1	0	15.381	18.257	0.402			
932	3	0	13.66	19.887	2.043			
933	2	0	14.898	19.322	3.275			
934	2	0	11.974	19.724	2.748			
935	2	0	13.98	21.644	1.622			
936	1	0	14.57	18.434	3.567			
937	1	0	11.932	18.794	3.082			
938	1	0	14.963	21.696	1.519			
939	3	0	20.504	18.022	21.887			
940	2	0	21.999	19.055	21.629			
941	2	0	19.029	18.905	21.246			
942	2	0	20.701	16.433	20.992			
943	1	0	21.756	19.941	22			
944	1	0	19.073	19.801	21.663			
945	1	0	21.633	16.158	21.184			
946	3	0	16.28	20.549	17.258			
947	2	0	17.586	21.81	17.527			
948	2	0	16.953	18.881	17.616			
949	2	0	14.866	20.89	18.377			
950	1	0	18.365	21.473	17.016			
951	1	0	17.788	18.83	17.087			
952	1	0	14.742	21.871	18.323			
953	3	0	18.418	13.77	16.184			
954	2	0	20.06	13.62	16.989			
955	2	0	17.169	12.847	17.16			
956	2	0	17.942	15.54	16.099			
957	1	0	20.175	12.648	17.141			
958	1	0	17.564	11.948	17.284			
959	1	0	18.77	16.003	15.815			
960	3	0	19.916	8.636	10.608			
961	2	0	21.198	7.599	11.414			
962	2	0	18.662	7.557	9.816			
963	2	0	19.106	9.691	11.871			
964	1	0	21.474	6.955	10.713			
965	1	0	19.188	6.926	9.265			
966	1	0	19.853	10.025	12.428			
967	3	0	12.073	7.594	10.112			
968	2	0	13.328	8.487	9.114			
969	2	0	10.95	8.804	10.913			
970	2	0	11.101	6.488	9.018			
971	1	0	13.697	9.168	9.731			
972	1	0	11.555	9.446	11.361			
973	1	0	11.778	6.068	8.431			
974	3	0	4.702	4.305	2.071			
975	2	0	4.901	5.27	3.62			
976	2	0	5.964	2.975	2.009			
977	2	0	3.026	3.56	2.03			
978	1	0	5.863	5.503	3.645			
979	1	0	6.822	3.437	2.182			
980	1	0	2.428	4.286	2.34			
981	3	0	12.493	1.887	5.33			
982	2	0	13.451	3.003	6.427			
983	2	0	12.406	0.215	6.08			
984	2	0	10.795	2.551	5.121			
985	1	0	14.287	2.506	6.618			
986	1	0	13.346	-0.011	6.295			
987	1	0	10.928	3.523	4.983			
988	3	0	18.653	18.427	7.015			
989	2	0	19.08	16.642	7.006			
990	2	0	20.172	19.42	7.286			
991	2	0	17.905	18.881	5.402			
992	1	0	19.614	16.51	7.83			
993	1	0	20.591	19.021	8.088			
994	1	0	17.281	18.139	5.204			
995	3	0	19.729	1.39	6.052			
996	2	0	20.077	0.123	7.334			
997	2	0	18.907	2.836	6.825			
998	2	0	21.306	1.923	5.28			
999	1	0	19.215	0.004	7.806			
1000	1	0	18.154	2.45	7.338			
1001	1	0	21.807	1.08	5.139			
1002	3	0	20.747	21.878	3.71			
1003	2	0	19.373	20.662	3.653			
1004	2	0	22.001	21.33	4.931			
1005	2	0	21.52	22	2.051			
1006	1	0	19.115	20.534	4.6			
1007	1	0	21.485	21.147	5.755			
1008	1	0	20.754	22.024	1.425			
1009	3	0	14.858	9.715	12.463			
1010	2	0	15.388	9.206	14.145			
1011	2	0	16.309	9.735	11.342			
1012	2	0	13.613	8.525	11.832			
1013	1	0	16.161	9.791	14.35			
1014	1	0	16.986	10.277	11.818			
1015	1	0	13.013	8.365	12.604			
1016	3	0	1.898	19.997	19.185			
1017	2	0	2.109	20.949	20.74			
1018	2	0	0.176	19.372	19.077			
1019	2	0	2.243	21.089	17.752			
1020	1	0	1.757	20.351	21.447			
1021	1	0	0.02	18.921	19.943			
1022	1	0	3.055	21.591	18.016			
1023	3	0	3.781	12.968	3.12			
1024	2	0	4.837	11.785	2.196			
1025	2	0	2.314	13.402	2.107			
1026	2	0	3.231	12.194	4.69			
1027	1	0	4.96	12.204	1.307			
1028	1	0	2.687	13.672	1.231			
1029	1	0	4.043	11.749	5.041			
1030	3	0	7.988	12.402	0.355			
1031	2	0	9.656	12.537	1.109			
1032	2	0	6.951	11.27	1.359			
1033	2	0	7.208	14.061	0.304			
1034	1	0	9.943	11.599	1.247			
1035	1	0	7.5	10.453	1.462			
1036	1	0	7.933	14.663	-0.001			
1037	3	0	7.729	16.558	15.202			
1038	2	0	7.961	16.606	17.022			
1039	2	0	7.008	14.942	14.718			
1040	2	0	6.595	17.909	14.697			
1041	1	0	8.445	15.768	17.233			
1042	1	0	7.593	14.269	15.147			
1043	1	0	6.9	18.693	15.22			
1044	3	0	8.369	11.311	20.006			
1045	2	0	7.193	12.704	20.22			
1046	2	0	7.889	9.926	21.108			
1047	2	0	8.33	10.746	18.261			
1048	1	0	7.152	12.846	21.2			
1049	1	0	7.791	10.341	22.002			
1050	1	0	8.323	11.583	17.732			
1051	3	0	20.78	10.771	2.47			
1052	2	0	19.091	10.713	3.185			
1053	2	0	21.946	9.888	3.577			
1054	2	0	20.77	9.963	0.823			
1055	1	0	19.207	11.017	4.121			
1056	1	0	21.788	10.281	4.471			
1057	1	0	19.947	10.301	0.389			
1058	3	0	2.007	14.312	11.275			
1059	2	0	2.957	15.57	12.214			
1060	2	0	0.288	14.902	11.024			
1061	2	0	2.803	14.041	9.644			
1062	1	0	2.389	15.776	12.999			
1063	1	0	-0.02	15.163	11.928			
1064	1	0	3.771	14	9.849			
1065	3	0	16.367	15.852	20.555			
1066	2	0	16.505	16.837	19.012			
1067	2	0	16.68	16.934	22.003			
1068	2	0	14.679	15.144	20.675			
1069	1	0	17.372	17.309	19.095			
1070	1	0	17.535	17.388	21.796			
1071	1	0	14.486	14.815	19.761			
1072	3	0	6.391	1.861	12.52			
1073	2	0	5.991	0.518	11.335			
1074	2	0	7.833	2.814	11.905			
1075	2	0	4.945	2.978	12.684			
1076	1	0	6.855	0.059	11.179			
1077	1	0	8.518	2.129	11.704			
1078	1	0	4.169	2.366	12.745			
1079	3	0	2.813	2.865	7.959			
1080	2	0	1.422	3.818	8.685			
1081	2	0	4.39	3.399	8.729			
1082	2	0	2.553	1.077	8.275			
1083	1	0	1.707	4.765	8.617			
1084	1	0	4.387	4.385	8.646			
1085	1	0	1.592	0.931	8.085			
1086	3	0	9.574	13.375	10.084			
1087	2	0	8.181	12.255	9.667			
1088	2	0	9.053	14.536	11.406			
1089	2	0	10.999	12.38	10.671			
1090	1	0	7.412	12.861	9.515			
1091	1	0	8.204	14.925	11.077			
1092	1	0	11.04	11.617	10.042			
1093	3	0	3.859	2.957	19.619			
1094	2	0	3.501	3.484	17.898			
1095	2	0	5.023	1.54	19.597			
1096	2	0	4.613	4.354	20.538			
1097	1	0	3.25	2.649	17.429			
1098	1	0	4.616	0.892	18.969			
1099	1	0	4.072	5.14	20.276			
1100	3	0	15.083	20.242	20.648			
1101	2	0	14.166	18.74	20.125			
1102	2	0	16.611	20.408	19.647			
1103	2	0	14.024	21.718	20.397			
1104	1	0	14.844	18.018	20.139			
1105	1	0	17.052	19.525	19.717			
1106	1	0	13.133	21.44	20.728			
1107	3	0	16.012	18.217	12.852			
1108	2	0	14.271	17.653	12.988			
1109	2	0	17.046	16.861	12.175			
1110	2	0	16.095	19.667	11.731			
1111	1	0	14.327	16.789	13.47			
1112	1	0	16.836	16.079	12.744			
1113	1	0	15.325	20.229	11.999			
1114	3	0	17.856	4.027	15.933			
1115	2	0	16.418	4.847	16.726			
1116	2	0	19.383	4.973	16.302			
1117	2	0	18.02	2.321	16.589			
1118	1	0	16.489	5.796	16.448			
1119	1	0	19.165	5.906	16.055			
1120	1	0	17.093	1.974	16.604			
1121	6	0	9.283	6.099	15.099			
1122	2	0	8.056	4.289	14.453			
1123	2	0	7.638	6.688	16.566			
1124	1	0	8.643	3.81	13.815			
1125	1	0	8.003	7.475	17.042			
1126	6	0	6.085	5.195	16.12			
1127	2	0	4.06	4.171	15.884			
1128	2	0	5.162	6.672	17.593			
1129	1	0	4.243	3.4	15.291			
1130	1	0	5.926	7.221	17.9			
1131	6	0	13.954	6.405	9.545			
1132	2	0	13.047	6.344	11.638			
1133	2	0	15.867	7.302	10.404			
1134	1	0	12.171	5.899	11.512			
1135	1	0	16.478	7.365	9.628			
1136	6	0	3.893	20.647	9.796			
1137	2	0	2.094	21.843	10.527			
1138	2	0	4.645	20.472	11.942			
1139	1	0	1.549	21.989	9.713			
1140	1	0	5.448	19.896	11.875			
1141	6	0	1.415	2.389	5.639			
1142	2	0	-0.004	0.866	6.572			
1143	2	0	0.055	4.081	6.341			
1144	1	0	0.448	-0.005	6.436			
1145	1	0	0.537	4.906	6.081			
